,Timestamps,Voltages,filtered_signal,envelope,start_rx,finish_rx,extracted_signal,distance,grid_x,grid_y,real_x,real_y,grid_distance,angle,type,sensor_position,sensor_height
0,0.0,1024,-553.7820935332035,18918.204422898474,187.0,364.0,3193.0747726597815,28.459224499999998,14,1,10.0,30.0,31.622776601683793,18.43494882292201,tall,13.0,33.0
1,8e-06,928,-34143.63305435752,36830.11353931758,,,-1981.4162521960102,,,,,,,,,,
2,1.6e-05,65535,30214.514669016975,42047.439977431386,,,-1244.4861117381747,,,,,,,,,,
3,2.5e-05,47835,8335.109744227275,40480.272778720515,,,3087.001650250114,,,,,,,,,,
4,3.3e-05,1024,-38563.72741416107,40511.23185606742,,,-1661.6492997134233,,,,,,,,,,
5,4.1e-05,65535,25805.369127463164,39674.94944624429,,,-1529.2340468879925,,,,,,,,,,
6,4.9e-05,59102,16816.76654721203,39251.72225337723,,,3115.047445678159,,,,,,,,,,
7,5.7e-05,1024,-41710.834836434115,41722.53782952279,,,-1387.469774259257,,,,,,,,,,
8,6.6e-05,65535,20366.422446581422,43373.59545198026,,,-1752.0975390548615,,,,,,,,,,
9,7.4e-05,65535,23377.573650863575,42134.91692939539,,,2812.525110634715,,,,,,,,,,
10,8.2e-05,1040,-40407.00636744774,40588.55588117002,,,-780.4941776774655,,,,,,,,,,
11,9e-05,65535,13199.55906002123,38672.152105534136,,,-1613.3334363303104,,,,,,,,,,
12,9.8e-05,65535,25194.990074896457,35988.880209849136,,,1429.0683385270486,,,,,,,,,,
13,0.000107,1024,-32321.54190129136,33756.25952057767,,,442.3580643422779,,,,,,,,,,
14,0.000115,65535,5769.626697236295,30625.708552005115,,,-525.996738656047,,,,,,,,,,
15,0.000123,65535,19510.641663202357,25226.255889521704,,,-1739.6177688048572,,,,,,,,,,
16,0.000131,1040,-17989.02626348025,19291.122967136747,,,2173.7929216411485,,,,,,,,,,
17,0.000139,39945,1282.3901667306188,13309.698689704675,,,2205.5476622165543,,,,,,,,,,
18,0.000147,65535,5710.11190223815,6800.757963010496,,,-6890.90896827521,,,,,,,,,,
19,0.000156,65535,-1079.5406448106182,1284.3008863719672,,,3786.381647808814,,,,,,,,,,
20,0.000164,7457,2515.6981903480064,6241.8296615555755,,,7014.828086942611,,,,,,,,,,
21,0.000172,1008,-13486.770043983068,13726.104514835151,,,-13386.562708006668,,,,,,,,,,
22,0.00018,65535,13541.431673877638,21059.68942534719,,,4312.999645428943,,,,,,,,,,
23,0.000188,65535,9488.166044451184,27347.477863199758,,,13699.474465805746,,,,,,,,,,
24,0.000197,1024,-32883.91639068509,33262.87286325343,,,-19812.398415502477,,,,,,,,,,
25,0.000205,65535,22656.885179329984,38464.25629435238,,,2888.9556741639603,,,,,,,,,,
26,0.000213,65535,18876.295497289335,42916.95183327218,,,21307.09072120059,,,,,,,,,,
27,0.000221,992,-47233.033049497164,47277.048777352364,,,-24480.155318180565,,,,,,,,,,
28,0.000229,65535,26288.862551058966,50699.69195447096,,,-791.176325992709,,,,,,,,,,
29,0.000238,65535,25657.8763815007,52517.98635402024,,,28422.269102589366,,,,,,,,,,
30,0.000246,1008,-53444.41542799637,53448.20924244652,,,-26135.924229019853,,,,,,,,,,
31,0.000254,65535,27003.885689801376,53437.243727206434,,,-6286.491978256771,,,,,,,,,,
32,0.000262,65535,25701.830890116053,52483.37850336897,,,33731.40119834199,,,,,,,,,,
33,0.00027,1024,-51266.41909002153,51299.514866705395,,,-24478.87437507881,,,,,,,,,,
34,0.000279,65535,27763.950691908754,49428.34978097091,,,-12599.96166953152,,,,,,,,,,
35,0.000287,65535,17682.606357707773,46568.041893069836,,,36532.95593441075,,,,,,,,,,
36,0.000295,1040,-42534.12013592098,43554.4789230444,,,-20205.54128036665,,,,,,,,,,
37,0.000303,65535,29922.0915418174,40420.03463521246,,,-18597.189753145674,,,,,,,,,,
38,0.000311,49436,3544.7513698327675,37473.17497222605,,,36891.14287456955,,,,,,,,,,
39,0.00032,1024,-29904.637797587868,35549.09022798154,,,-14600.953756003724,,,,,,,,,,
40,0.000328,65535,32462.9051515708,34204.729953033246,,,-23379.149827390673,,,,,,,,,,
41,0.000336,25798,-12372.950094425792,33410.822048123904,,,35382.38330094715,,,,,,,,,,
42,0.000344,1024,-15870.614698052561,33342.70962827423,,,-8963.024990691638,,,,,,,,,,
43,0.000352,65535,32677.153317981796,33229.00573749695,,,-26421.319818428008,,,,,,,,,,
44,0.00036,2128,-25016.520092955736,33231.9061637868,,,32655.335788605513,,,,,,,,,,
45,0.000369,21701,-2332.763554363094,33360.65841958687,,,-4192.519658917046,,,,,,,,,,
46,0.000377,65535,27763.793727774577,33006.38544978592,,,-27495.99606670573,,,,,,,,,,
47,0.000385,1040,-30449.853219047043,32399.699424252292,,,29119.585695671365,,,,,,,,,,
48,0.000393,50924,9369.729588462682,31312.935155840147,,,-705.8013251981927,,,,,,,,,,
49,0.000401,65535,16539.107752498392,29396.8010186779,,,-26550.074111624486,,,,,,,,,,
50,0.00041,1040,-27198.306202809603,27323.64680112373,,,24939.718059411458,,,,,,,,,,
51,0.000418,65535,18190.55432340883,25239.572570237226,,,1420.1333430064312,,,,,,,,,,
52,0.000426,54077,444.20053348068717,23460.905195561063,,,-23697.429198961487,,,,,,,,,,
53,0.000434,1024,-16572.72839478899,22818.259929786604,,,20253.434594659237,,,,,,,,,,
54,0.000442,65535,23089.025790726904,23099.197870584652,,,2285.606103860302,,,,,,,,,,
55,0.000451,1088,-16704.147693781077,24393.15858994394,,,-19320.416833138668,,,,,,,,,,
56,0.000459,63039,-1803.1779442525954,26551.23690562167,,,15366.842045848387,,,,,,,,,,
57,0.000467,65535,22992.722179857545,28775.808982074435,,,2119.8765109621754,,,,,,,,,,
58,0.000475,1072,-30263.811072556797,31147.827027905205,,,-14121.962333405427,,,,,,,,,,
59,0.000483,65535,13544.581758476157,33446.4334499141,,,10744.311857748047,,,,,,,,,,
60,0.000492,65535,17256.99326074145,35370.324116197604,,,1296.6472356797922,,,,,,,,,,
61,0.0005,1056,-36908.18370478928,37229.98832400473,,,-8990.792830641893,,,,,,,,,,
62,0.000508,65535,26881.588648493365,38733.51272398004,,,6825.2798188471825,,,,,,,,,,
63,0.000516,38553,6481.519758659901,39725.73042810381,,,287.2022129349945,,,,,,,,,,
64,0.000524,960,-36099.24050149368,40605.89803152646,,,-4718.18186602523,,,,,,,,,,
65,0.000533,65535,36900.68205628466,41250.48516241419,,,3846.287962896252,,,,,,,,,,
66,0.000541,13331,-6989.135513295618,41843.91621342097,,,-483.6957802944879,,,,,,,,,,
67,0.000549,1408,-29982.673873205124,42744.923792391564,,,-1746.739094867619,,,,,,,,,,
68,0.000557,65535,43031.88627657876,43585.51683902076,,,1801.729889416988,,,,,,,,,,
69,0.000565,1072,-19521.08070363392,44304.00342501366,,,-786.6492552954666,,,,,,,,,,
70,0.000573,10114,-21895.393115489805,44903.88286208779,,,-101.65320079552039,,,,,,,,,,
71,0.000582,65535,44815.3053132592,44967.43312413225,,,530.9686984345053,,,,,,,,,,
72,0.00059,1072,-27547.933354408633,44644.54342524574,,,-631.72180494842,,,,,,,,,,
73,0.000598,14995,-14540.070162747477,44059.2554476309,,,492.5631554640897,,,,,,,,,,
74,0.000606,65535,41800.250552596044,42877.26923343071,,,-168.37794309952483,,,,,,,,,,
75,0.000614,1072,-29101.42431464045,41168.9087950209,,,-189.19843163015236,,,,,,,,,,
76,0.000623,16131,-8902.135186555073,38899.741704924476,,,421.966014092819,,,,,,,,,,
77,0.000631,65535,34003.52307305731,35814.104789454075,,,-477.9453096100935,,,,,,,,,,
78,0.000639,1040,-24658.150338208532,32258.313711977415,,,339.56930917311325,,,,,,,,,,
79,0.000647,14499,-4360.8765066756805,28484.075418857115,,,36.25326695919442,,,,,,,,,,
80,0.000655,57950,22477.214325240166,24400.71972478813,,,-551.065557685628,,,,,,,,,,
81,0.000664,1024,-16840.13385343194,20289.343344750032,,,812.8013298978838,,,,,,,,,,
82,0.000672,11586,319.8445046527563,16255.53497457115,,,-410.2030374816233,,,,,,,,,,
83,0.00068,1040,9425.361926824573,12297.703049934684,,,-520.3170626133106,,,,,,,,,,
84,0.000688,1008,-9154.497190527769,9173.059118612977,,,1164.0765398872916,,,,,,,,,,
85,0.000696,13123,5906.349317205622,7609.006618865146,,,-754.6411725251861,,,,,,,,,,
86,0.000705,1024,-2366.0725849752894,8030.372416400681,,,-488.08367035354655,,,,,,,,,,
87,0.000713,992,-4501.602518736139,10034.346647833208,,,1368.1340064478193,,,,,,,,,,
88,0.000721,18148,12198.172138984937,12428.006488860956,,,-908.2646904722544,,,,,,,,,,
89,0.000729,1024,-10473.555622082511,14847.372781218597,,,-502.0767145224678,,,,,,,,,,
90,0.000737,992,-4232.597940269975,17083.457006546727,,,1407.8329590416324,,,,,,,,,,
91,0.000746,25926,18227.797347702177,18821.515024062788,,,-852.2953495093403,,,,,,,,,,
92,0.000754,1024,-13574.28885589279,20286.19165496375,,,-543.4916086939905,,,,,,,,,,
93,0.000762,992,-8039.420846431344,21669.913638933573,,,1274.7800125387414,,,,,,,,,,
94,0.00077,35320,22783.6123063193,22832.50903232233,,,-639.0561151319988,,,,,,,,,,
95,0.000778,1056,-11660.085306311536,23843.4451653589,,,-550.1645587812609,,,,,,,,,,
96,0.000786,1040,-14425.890904361244,24737.145359012648,,,994.4567161827729,,,,,,,,,,
97,0.000795,43834,24882.334920150377,25371.058509210485,,,-373.8750419156502,,,,,,,,,,
98,0.000803,9954,-5814.403331139254,25963.372855947095,,,-466.3619305988122,,,,,,,,,,
99,0.000811,1120,-21376.694926740412,26748.400224583464,,,641.0558303191526,,,,,,,,,,
100,0.000819,48603,24057.474223735557,27513.33350185098,,,-170.2254954193159,,,,,,,,,,
101,0.000827,28502,2220.2264053411527,28145.84633979155,,,-285.88683972344387,,,,,,,,,,
102,0.000836,1264,-26984.946113122853,28735.904795898674,,,317.6204103836498,,,,,,,,,,
103,0.000844,48667,20463.078565159965,29189.19650554192,,,-97.48430707551408,,,,,,,,,,
104,0.000852,41594,10531.154746596465,29554.381462943966,,,-58.74159534419133,,,,,,,,,,
105,0.00086,1424,-29924.072830066227,30000.3130751657,,,108.31495858497874,,,,,,,,,,
106,0.000868,44810,14800.840823421542,30309.116184399052,,,-151.89568524985683,,,,,,,,,,
107,0.000877,48699,17489.8665595725,30289.78557810781,,,142.40306028083796,,,,,,,,,,
108,0.000885,1632,-29692.36929385444,30116.275828152742,,,34.276877618313954,,,,,,,,,,
109,0.000893,39177,8098.998920178859,29817.368812116936,,,-269.7753243029156,,,,,,,,,,
110,0.000901,53693,22080.75389909872,29360.9965296332,,,271.6839243388451,,,,,,,,,,
111,0.000909,1856,-26603.00672780449,28890.7360534092,,,46.30742168945196,,,,,,,,,,
112,0.000918,32872,1421.8662166656015,28295.856729084815,,,-375.815897911755,,,,,,,,,,
113,0.000926,55565,24030.32779173156,27407.143583132525,,,338.3895153657334,,,,,,,,,,
114,0.000934,9490,-21557.17450333941,26445.51350701839,,,64.79486293013149,,,,,,,,,,
115,0.000942,27206,-4392.652115547481,25544.15170026619,,,-433.36700298597214,,,,,,,,,,
116,0.00095,54237,23716.13690194939,24616.204849540496,,,389.41846622301233,,,,,,,,,,
117,0.000959,17396,-15687.673008028607,23740.525338268886,,,40.95296780089219,,,,,,,,,,
118,0.000967,22773,-8887.863035205868,22892.571134453,,,-457.3909469721403,,,,,,,,,,
119,0.000975,52524,21896.249163984532,21921.795204906302,,,457.0881769965206,,,,,,,,,,
120,0.000983,22437,-9994.188632214968,21011.071717618222,,,-10.116592963353561,,,,,,,,,,
121,0.000991,19844,-11990.191524568836,20324.470432829075,,,-478.79066777245595,,,,,,,,,,
122,0.001,51164,19364.15807594131,19703.29316494808,,,519.5310370845018,,,,,,,,,,
123,0.001008,26646,-5100.501809244592,19116.65985857809,,,-35.9838476896865,,,,,,,,,,
124,0.001016,17812,-13875.652004111102,18595.567221709684,,,-496.34308489549466,,,,,,,,,,
125,0.001024,48667,16673.264881934992,18012.57712233705,,,517.6665035663917,,,,,,,,,,
126,0.001032,30295,-1208.3999475610392,17469.84364700187,,,-7.9078427297468625,,,,,,,,,,
127,0.00104,16852,-14787.546639362776,17124.305386645625,,,-471.2384873636062,,,,,,,,,,
128,0.001049,46411,14037.581717942483,16790.870122426237,,,416.7075800443415,,,,,,,,,,
129,0.001057,33304,1780.141793888937,16371.740018771914,,,49.31066122214409,,,,,,,,,,
130,0.001065,16756,-14906.760200039605,15956.034307547747,,,-372.4332809849065,,,,,,,,,,
131,0.001073,43402,11413.210524669743,15471.104807612452,,,245.33225519419108,,,,,,,,,,
132,0.001081,35736,4074.838520925012,14964.752146789011,,,87.32070066095237,,,,,,,,,,
133,0.00109,17332,-14323.779595122482,14591.348450341195,,,-216.33648916032087,,,,,,,,,,
134,0.001098,40729,8674.658349737176,14193.304078846955,,,73.11602678586758,,,,,,,,,,
135,0.001106,37545,5846.13201408619,13649.684898889682,,,80.16068851106014,,,,,,,,,,
136,0.001114,18580,-13091.438456256381,13095.822630922366,,,-57.60437358108177,,,,,,,,,,
137,0.001122,37529,5775.421197232776,12527.87512927404,,,-40.51156088794193,,,,,,,,,,
138,0.001131,38873,7162.816926432518,11952.911609840206,,,38.76072767426262,,,,,,,,,,
139,0.001139,20805,-11298.512529766596,11506.021562324579,,,50.528830755650446,,,,,,,,,,
140,0.001147,34360,2819.8285432783255,11072.566621549084,,,-77.61872254469881,,,,,,,,,,
141,0.001155,39961,8010.842295776369,10514.505442251382,,,-6.813626816742815,,,,,,,,,,
142,0.001163,22885,-9110.230070577236,9989.08987641992,,,87.3735476261493,,,,,,,,,,
143,0.001172,31559,35.41403822647719,9562.48614205642,,,-58.801143112361856,,,,,,,,,,
144,0.00118,40185,8352.231741873864,9175.50260828304,,,-32.621187784860126,,,,,,,,,,
145,0.001188,25126,-6755.9776916817,8890.639641689499,,,68.43579331077942,,,,,,,,,,
146,0.001196,29431,-2316.2873556446043,8643.92535450942,,,-19.890416315630397,,,,,,,,,,
147,0.001204,39897,8182.285983247969,8290.508558564472,,,-33.64089835608745,,,,,,,,,,
148,0.001213,27238,-4479.364139213165,7966.364500305735,,,27.514268335232305,,,,,,,,,,
149,0.001221,27942,-4037.585915311539,7782.768420719368,,,10.813244769342269,,,,,,,,,,
150,0.001229,39481,7562.143767952582,7611.417609615303,,,-20.24813266663091,,,,,,,,,,
151,0.001237,29015,-2480.4912234835483,7431.443441152585,,,-5.579090478347443,,,,,,,,,,
152,0.001245,26822,-5061.986841300242,7256.772925491654,,,22.509589133047434,,,,,,,,,,
153,0.001253,38569,6621.884276911985,6982.389774678895,,,-6.458952601053844,,,,,,,,,,
154,0.001262,31079,-873.229034191582,6705.820832967815,,,-17.842581172502932,,,,,,,,,,
155,0.00127,26150,-5473.909625385313,6563.35570373217,,,18.91101743451232,,,,,,,,,,
156,0.001278,37337,5536.401566986975,6418.057698353275,,,-0.19441470821758994,,,,,,,,,,
157,0.001286,32455,332.9438246527102,6208.962495539115,,,-12.778226101928048,,,,,,,,,,
158,0.001294,26198,-5477.900247286905,6014.7387616499345,,,9.334211768305519,,,,,,,,,,
159,0.001303,36296,4479.369875377339,5780.04390962312,,,-0.8360378232437974,,,,,,,,,,
160,0.001311,33048,1222.0652638330414,5560.613679663964,,,-1.7995261410635275,,,,,,,,,,
161,0.001319,26694,-5324.13131288148,5490.693010213394,,,1.1814296663007735,,,,,,,,,,
162,0.001327,35464,3570.5373153936466,5444.01234141615,,,-2.9919999173975085,,,,,,,,,,
163,0.001335,33576,1928.9183651825404,5328.370103436003,,,5.074676726678792,,,,,,,,,,
164,0.001344,26726,-5213.0927207609,5248.595606828963,,,-2.804447433334783,,,,,,,,,,
165,0.001352,34824,2842.1075989197952,5183.216838789264,,,-1.9759857827301301,,,,,,,,,,
166,0.00136,34280,2573.3211359018555,5138.960108463089,,,4.093121165764907,,,,,,,,,,
167,0.001368,26838,-5219.208926856921,5224.454954062173,,,-3.2955293882238315,,,,,,,,,,
168,0.001376,33880,2244.6107022567485,5325.4399537926865,,,2.990912715930514,,,,,,,,,,
169,0.001385,34904,3198.9452929478834,5324.444677254894,,,-2.629575036308598,,,,,,,,,,
170,0.001393,26854,-5271.904195785635,5332.663251090505,,,-1.8420567777244108,,,,,,,,,,
171,0.001401,33592,1690.7321750113906,5354.80340430832,,,9.124583139438824,,,,,,,,,,
172,0.001409,35576,3750.4726020350363,5357.786522057494,,,-10.52023434650946,,,,,,,,,,
173,0.001417,26566,-5207.891681005477,5426.407445438395,,,0.7461110425393125,,,,,,,,,,
174,0.001426,32695,1113.50138850358,5470.435819375061,,,12.69902006870895,,,,,,,,,,
175,0.001434,36216,4107.847704109952,5368.257316660893,,,-15.984010370498186,,,,,,,,,,
176,0.001442,26966,-4873.336440825862,5238.518076551021,,,4.460058788123423,,,,,,,,,,
177,0.00145,32407,506.49256573740126,5118.190733897826,,,11.717343380216178,,,,,,,,,,
178,0.001458,36168,4167.037009973597,4958.352590132902,,,,,,,,,,,,,
179,0.001466,27158,-4226.152916816753,4831.947316145985,,,,,,,,,,,,,
180,0.001475,32071,-77.60102348561055,4684.919094630738,,,,,,,,,,,,,
181,0.001483,35736,3926.8518630239228,4407.876121768104,,,,,,,,,,,,,
182,0.001491,28598,-3381.5552154268244,4127.466927092086,,,,,,,,,,,,,
183,0.001499,31079,-570.3107317183939,3915.046189663256,,,,,,,,,,,,,
184,0.001507,35704,3526.878427023745,3709.68560799801,,,,,,,,,,,,,
185,0.001516,28711,-2565.0504075639933,3561.0812778903683,,,,,,,,,,,,,
186,0.001524,30935,-945.3075259572571,3446.0830526231675,,,,,,,,,,,,,
187,0.001532,35768,3193.0747726597815,3260.443931291124,,,,,,,,,,,,,
188,0.00154,29671,-1981.4162521960102,3114.5405974523583,,,,,,,,,,,,,
189,0.001548,30503,-1244.4861117381747,3089.96219111296,,,,,,,,,,,,,
190,0.001557,34872,3087.001650250114,3091.6197771544853,,,,,,,,,,,,,
191,0.001565,30663,-1661.6492997134233,3122.509342068485,,,,,,,,,,,,,
192,0.001573,30551,-1529.2340468879925,3169.2983459054467,,,,,,,,,,,,,
193,0.001581,33976,3115.047445678159,3115.3544841064527,,,,,,,,,,,,,
194,0.001589,31303,-1387.469774259257,3031.5293040606275,,,,,,,,,,,,,
195,0.001598,30599,-1752.0975390548615,2985.931745922816,,,,,,,,,,,,,
196,0.001606,33384,2812.525110634715,2853.8723486850463,,,,,,,,,,,,,
197,0.001614,31863,-780.4941776774655,2596.085764813965,,,,,,,,,,,,,
198,0.001622,30951,-1613.3334363303104,2210.0696369432308,,,,,,,,,,,,,
199,0.00163,32455,1429.0683385270486,1616.3907794068034,,,,,,,,,,,,,
200,0.001639,32183,442.3580643422779,985.3159360798205,,,,,,,,,,,,,
201,0.001647,31303,-525.996738656047,1006.3916817606472,,,,,,,,,,,,,
202,0.001655,31063,-1739.6177688048572,1944.6584832212234,,,,,,,,,,,,,
203,0.001663,33320,2173.7929216411485,3291.267334052266,,,,,,,,,,,,,
204,0.001671,33304,2205.5476622165543,4929.924236978766,,,,,,,,,,,,,
205,0.001679,26966,-6890.90896827521,6893.042698138015,,,,,,,,,,,,,
206,0.001688,34968,3786.381647808814,9054.84040820641,,,,,,,,,,,,,
207,0.001696,37161,7014.828086942611,11290.394338237707,,,,,,,,,,,,,
208,0.001704,20773,-13386.562708006668,13652.425634863666,,,,,,,,,,,,,
209,0.001712,36280,4312.999645428943,16110.332156791128,,,,,,,,,,,,,
210,0.00172,44250,13699.474465805746,18590.43583950793,,,,,,,,,,,,,
211,0.001729,12210,-19812.398415502477,21110.907572244778,,,,,,,,,,,,,
212,0.001737,34952,2888.9556741639603,23557.693932296905,,,,,,,,,,,,,
213,0.001745,54221,21307.09072120059,25788.123945186937,,,,,,,,,,,,,
214,0.001753,5745,-24480.155318180565,27858.579287785524,,,,,,,,,,,,,
215,0.001761,30535,-791.176325992709,29777.198431705096,,,,,,,,,,,,,
216,0.00177,64175,28422.269102589366,31469.08216285184,,,,,,,,,,,,,
217,0.001778,1920,-26135.924229019853,32963.27190693285,,,,,,,,,,,,,
218,0.001786,23877,-6286.491978256771,34216.51949284523,,,,,,,,,,,,,
219,0.001794,63647,33731.40119834199,35139.54479630545,,,,,,,,,,,,,
220,0.001802,2240,-24478.87437507881,35836.97898858392,,,,,,,,,,,,,
221,0.001811,15971,-12599.96166953152,36392.99208298603,,,,,,,,,,,,,
222,0.001819,62943,36532.95593441075,36759.933822416686,,,,,,,,,,,,,
223,0.001827,7681,-20205.54128036665,36976.69692319648,,,,,,,,,,,,,
224,0.001835,9058,-18597.189753145674,37061.29614722664,,,,,,,,,,,,,
225,0.001843,62271,36891.14287456955,36955.93920147795,,,,,,,,,,,,,
226,0.001852,15459,-14600.953756003724,36756.91115856125,,,,,,,,,,,,,
227,0.00186,4625,-23379.149827390673,36558.57758741618,,,,,,,,,,,,,
228,0.001868,61583,35382.38330094715,36283.141202529565,,,,,,,,,,,,,
229,0.001876,22069,-8963.024990691638,35915.92609566706,,,,,,,,,,,,,
230,0.001884,2688,-26421.319818428008,35477.1116420015,,,,,,,,,,,,,
231,0.001893,60958,32655.335788605513,34896.90932172104,,,,,,,,,,,,,
232,0.001901,25142,-4192.519658917046,34220.86681302182,,,,,,,,,,,,,
233,0.001909,2240,-27495.99606670573,33522.95712790735,,,,,,,,,,,,,
234,0.001917,60270,29119.585695671365,32702.67429845493,,,,,,,,,,,,,
235,0.001925,26918,-705.8013251981927,31714.653594758332,,,,,,,,,,,,,
236,0.001933,2448,-26550.074111624486,30595.926344409647,,,,,,,,,,,,,
237,0.001942,56253,24939.718059411458,29295.228593607073,,,,,,,,,,,,,
238,0.00195,29351,1420.1333430064312,27851.498648258206,,,,,,,,,,,,,
239,0.001958,3680,-23697.429198961487,26356.00982680556,,,,,,,,,,,,,
240,0.001966,50620,20253.434594659237,24734.83199893296,,,,,,,,,,,,,
241,0.001974,32631,2285.606103860302,22961.91308256442,,,,,,,,,,,,,
242,0.001983,8882,-19320.416833138668,21113.660085714782,,,,,,,,,,,,,
243,0.001991,44538,15366.842045848387,19176.66227633674,,,,,,,,,,,,,
244,0.001999,32295,2119.8765109621754,17207.998011079082,,,,,,,,,,,,,
245,0.002007,17236,-14121.962333405427,15321.58701558631,,,,,,,,,,,,,
246,0.002015,39177,10744.311857748047,13466.533138169421,,,,,,,,,,,,,
247,0.002024,30119,1296.6472356797922,11629.764434771303,,,,,,,,,,,,,
248,0.002032,22373,-8990.792830641893,9895.853202461742,,,,,,,,,,,,,
249,0.00204,35416,6825.2798188471825,8247.965718239919,,,,,,,,,,,,,
250,0.002048,29223,287.2022129349945,6732.536829267102,,,,,,,,,,,,,
251,0.002056,25062,-4718.18186602523,5445.368475152374,,,,,,,,,,,,,
252,0.002065,33224,3846.287962896252,4314.163684483177,,,,,,,,,,,,,
253,0.002073,28582,-483.6957802944879,3317.360661859778,,,,,,,,,,,,,
254,0.002081,26758,-1746.739094867619,2505.278001017183,,,,,,,,,,,,,
255,0.002089,30999,1801.729889416988,1809.2105221590002,,,,,,,,,,,,,
256,0.002097,28662,-786.6492552954666,1274.2097634546665,,,,,,,,,,,,,
257,0.002106,27718,-101.65320079552039,944.8407821560623,,,,,,,,,,,,,
258,0.002114,29335,530.9686984345053,718.9024691354456,,,,,,,,,,,,,
259,0.002122,28630,-631.72180494842,634.9249588351342,,,,,,,,,,,,,
260,0.00213,28438,492.5631554640897,601.7880355666852,,,,,,,,,,,,,
261,0.002138,28214,-168.37794309952483,553.1341619048567,,,,,,,,,,,,,
262,0.002146,28102,-189.19843163015236,543.2869985635909,,,,,,,,,,,,,
263,0.002155,28662,421.966014092819,488.72593976161806,,,,,,,,,,,,,
264,0.002163,27814,-477.9453096100935,479.7024030308763,,,,,,,,,,,,,
265,0.002171,28166,339.56930917311325,515.2553090431003,,,,,,,,,,,,,
266,0.002179,27990,36.25326695919442,563.891272204358,,,,,,,,,,,,,
267,0.002187,27174,-551.065557685628,700.8300593310527,,,,,,,,,,,,,
268,0.002196,28358,812.8013298978838,838.5550476306571,,,,,,,,,,,,,
269,0.002204,27782,-410.2030374816233,964.4712719681927,,,,,,,,,,,,,
270,0.002212,27046,-520.3170626133106,1101.1854496087958,,,,,,,,,,,,,
271,0.00222,28246,1164.0765398872916,1168.8930510216512,,,,,,,,,,,,,
272,0.002228,26758,-754.6411725251861,1223.6235921205155,,,,,,,,,,,,,
273,0.002237,27030,-488.08367035354655,1315.4142392689973,,,,,,,,,,,,,
274,0.002245,28390,1368.1340064478193,1380.4535954198243,,,,,,,,,,,,,
275,0.002253,26086,-908.2646904722544,1434.6872064632387,,,,,,,,,,,,,
276,0.002261,26646,-502.0767145224678,1473.689177602827,,,,,,,,,,,,,
277,0.002269,28502,1407.8329590416324,1427.3734694887553,,,,,,,,,,,,,
278,0.002278,25990,-852.2953495093403,1361.4498164627607,,,,,,,,,,,,,
279,0.002286,25942,-543.4916086939905,1329.4927924062918,,,,,,,,,,,,,
280,0.002294,28310,1274.7800125387414,1275.9815982588916,,,,,,,,,,,,,
281,0.002302,25958,-639.0561151319988,1210.7320071768518,,,,,,,,,,,,,
282,0.00231,25718,-550.1645587812609,1136.958876900464,,,,,,,,,,,,,
283,0.002319,27622,994.4567161827729,994.7721468034526,,,,,,,,,,,,,
284,0.002327,25830,-373.8750419156502,845.9132148271193,,,,,,,,,,,,,
285,0.002335,25894,-466.3619305988122,753.6929924658563,,,,,,,,,,,,,
286,0.002343,26870,641.0558303191526,658.5058601727758,,,,,,,,,,,,,
287,0.002351,25910,-170.2254954193159,551.6363951416487,,,,,,,,,,,,,
288,0.002359,25766,-285.88683972344387,456.4527794037539,,,,,,,,,,,,,
289,0.002368,26102,317.6204103836498,320.7003226241646,,,,,,,,,,,,,
290,0.002376,25734,-97.48430707551408,197.6991322572072,,,,,,,,,,,,,
291,0.002384,25750,-58.74159534419133,149.14285871857942,,,,,,,,,,,,,
292,0.002392,25574,108.31495858497874,115.23350731339639,,,,,,,,,,,,,
293,0.0024,25686,-151.89568524985683,152.18536320484682,,,,,,,,,,,,,
294,0.002409,25750,142.40306028083796,225.31839681025795,,,,,,,,,,,,,
295,0.002417,25078,34.276877618313954,262.63570204998433,,,,,,,,,,,,,
296,0.002425,25126,-269.7753243029156,312.2748173378907,,,,,,,,,,,,,
297,0.002433,25510,271.6839243388451,328.23459166951886,,,,,,,,,,,,,
298,0.002441,24918,46.30742168945196,336.2402913001276,,,,,,,,,,,,,
299,0.00245,24165,-375.815897911755,400.01268862698277,,,,,,,,,,,,,
300,0.002458,25158,338.3895153657334,455.989013683513,,,,,,,,,,,,,
301,0.002466,25142,64.79486293013149,467.41061529390146,,,,,,,,,,,,,
302,0.002474,23445,-433.36700298597214,484.4950411462447,,,,,,,,,,,,,
303,0.002482,24037,389.41846622301233,474.6317324616666,,,,,,,,,,,,,
304,0.002491,23845,40.95296780089219,461.02167163838686,,,,,,,,,,,,,
305,0.002499,22501,-457.3909469721403,507.57208530058665,,,,,,,,,,,,,
306,0.002507,22053,457.0881769965206,551.8786270423703,,,,,,,,,,,,,
307,0.002515,21045,-10.116592963353561,565.3396087181869,,,,,,,,,,,,,
308,0.002523,18244,-478.79066777245595,587.9962980261017,,,,,,,,,,,,,
309,0.002532,15091,519.5310370845018,575.0172063482157,,,,,,,,,,,,,
310,0.00254,14963,-35.9838476896865,554.2563680246452,,,,,,,,,,,,,
311,0.002548,24229,-496.34308489549466,584.542876170438,,,,,,,,,,,,,
312,0.002556,39337,517.6665035663917,602.9742846661853,,,,,,,,,,,,,
313,0.002564,45787,-7.9078427297468625,582.1170127542987,,,,,,,,,,,,,
314,0.002572,45995,-471.2384873636062,556.6780372361789,,,,,,,,,,,,,
315,0.002581,45899,416.7075800443415,491.34790796859534,,,,,,,,,,,,,
316,0.002589,45803,49.31066122214409,416.1767029203545,,,,,,,,,,,,,
317,0.002597,45563,-372.4332809849065,392.45731647761716,,,,,,,,,,,,,
318,0.002605,45435,245.33225519419108,363.83445879807533,,,,,,,,,,,,,
319,0.002613,45323,87.32070066095237,291.48310295335733,,,,,,,,,,,,,
320,0.002622,45131,-216.33648916032087,223.50793936242715,,,,,,,,,,,,,
321,0.00263,45002,73.11602678586758,148.0197790482882,,,,,,,,,,,,,
322,0.002638,44858,80.16068851106014,90.6514413387536,,,,,,,,,,,,,
323,0.002646,44714,-57.60437358108177,83.66128894583471,,,,,,,,,,,,,
324,0.002654,44554,-40.51156088794193,84.67078516364366,,,,,,,,,,,,,
325,0.002663,44442,38.76072767426262,51.34902135832363,,,,,,,,,,,,,
326,0.002671,44298,50.528830755650446,54.63675020412166,,,,,,,,,,,,,
327,0.002679,44138,-77.61872254469881,92.839088302096,,,,,,,,,,,,,
328,0.002687,44010,-6.813626816742815,125.80353536871249,,,,,,,,,,,,,
329,0.002695,43882,87.3735476261493,97.58075088287545,,,,,,,,,,,,,
330,0.002704,43738,-58.801143112361856,66.58166281665844,,,,,,,,,,,,,
331,0.002712,43610,-32.621187784860126,66.86391275058371,,,,,,,,,,,,,
332,0.00272,43466,68.43579331077942,76.82790029732014,,,,,,,,,,,,,
333,0.002728,43354,-19.890416315630397,69.38640924495058,,,,,,,,,,,,,
334,0.002736,43210,-33.64089835608745,70.2873667301656,,,,,,,,,,,,,
335,0.002745,43098,27.514268335232305,27.974178204163366,,,,,,,,,,,,,
336,0.002753,42970,10.813244769342269,14.653006040194033,,,,,,,,,,,,,
337,0.002761,42794,-20.24813266663091,29.472170357808007,,,,,,,,,,,,,
338,0.002769,42698,-5.579090478347443,53.65749356986175,,,,,,,,,,,,,
339,0.002777,42570,22.509589133047434,25.77744351446237,,,,,,,,,,,,,
340,0.002786,42426,-6.458952601053844,11.963680738673448,,,,,,,,,,,,,
341,0.002794,42346,-17.842581172502932,17.861833902274398,,,,,,,,,,,,,
342,0.002802,42202,18.91101743451232,45.61936542201191,,,,,,,,,,,,,
343,0.00281,42058,-0.19441470821758994,31.5760149196708,,,,,,,,,,,,,
344,0.002818,41978,-12.778226101928048,41.121864149589825,,,,,,,,,,,,,
345,0.002826,41850,9.334211768305519,12.273583684338515,,,,,,,,,,,,,
346,0.002835,41722,-0.8360378232437974,24.903706175940712,,,,,,,,,,,,,
347,0.002843,41626,-1.7995261410635275,10.253147411238615,,,,,,,,,,,,,
348,0.002851,41498,1.1814296663007735,29.19789771668042,,,,,,,,,,,,,
349,0.002859,41386,-2.9919999173975085,10.932173982049692,,,,,,,,,,,,,
350,0.002867,41274,5.074676726678792,32.162661924469425,,,,,,,,,,,,,
351,0.002876,41162,-2.804447433334783,17.932130042886623,,,,,,,,,,,,,
352,0.002884,41050,-1.9759857827301301,35.78621391644735,,,,,,,,,,,,,
353,0.002892,40905,4.093121165764907,14.901347704368513,,,,,,,,,,,,,
354,0.0029,40793,-3.2955293882238315,30.005605666039585,,,,,,,,,,,,,
355,0.002908,40697,2.990912715930514,11.342414354381415,,,,,,,,,,,,,
356,0.002917,40569,-2.629575036308598,26.056429381782387,,,,,,,,,,,,,
357,0.002925,40473,-1.8420567777244108,5.599482059142726,,,,,,,,,,,,,
358,0.002933,40377,9.124583139438824,27.589867247153393,,,,,,,,,,,,,
359,0.002941,40233,-10.52023434650946,21.51796776269495,,,,,,,,,,,,,
360,0.002949,40153,0.7461110425393125,44.05040674215299,,,,,,,,,,,,,
361,0.002958,40057,12.69902006870895,25.22318378261879,,,,,,,,,,,,,
362,0.002966,39929,-15.984010370498186,28.735326167724587,,,,,,,,,,,,,
363,0.002974,39833,4.460058788123423,6.591364381081857,,,,,,,,,,,,,
364,0.002982,39753,11.717343380216178,19.550910830244096,,,,,,,,,,,,,
365,0.00299,39625,-18.006729083367283,22.67664910452228,,,,,,,,,,,,,
366,0.002999,39561,9.242460008899185,45.53513259377747,,,,,,,,,,,,,
367,0.003007,39433,6.999249227143368,29.552359472924593,,,,,,,,,,,,,
368,0.003015,39321,-17.718436543526273,37.6236538419455,,,,,,,,,,,,,
369,0.003023,39257,14.273517823334428,14.27356024529417,,,,,,,,,,,,,
370,0.003031,39145,1.3908530173559182,9.680160501704304,,,,,,,,,,,,,
371,0.003039,39033,-16.894111305220004,17.003753561712212,,,,,,,,,,,,,
372,0.003048,38969,18.002440450952136,41.361834724220174,,,,,,,,,,,,,
373,0.003056,38841,-2.0472428542450256,32.15278885624416,,,,,,,,,,,,,
374,0.003064,38729,-16.578650769300015,43.66960981265007,,,,,,,,,,,,,
375,0.003072,38633,18.826410128723822,19.12138495196475,,,,,,,,,,,,,
376,0.00308,38537,-1.6983460845102927,7.913183302653689,,,,,,,,,,,,,
377,0.003089,38425,-16.542505605341116,16.577726831905544,,,,,,,,,,,,,
378,0.003097,38377,15.953493755792495,40.62786919811671,,,,,,,,,,,,,
379,0.003105,38233,1.9097461245564655,29.030138129996416,,,,,,,,,,,,,
380,0.003113,38121,-15.704013133269088,36.03763060592841,,,,,,,,,,,,,
381,0.003121,38041,9.977147911579769,9.981741222006825,,,,,,,,,,,,,
382,0.00313,37945,6.6214768507274275,16.00577192573842,,,,,,,,,,,,,
383,0.003138,37817,-13.16769263555376,18.417757283246967,,,,,,,,,,,,,
384,0.003146,37737,2.7708417700961028,39.22330177692138,,,,,,,,,,,,,
385,0.003154,37673,10.069987626507363,20.220648634215262,,,,,,,,,,,,,
386,0.003162,37529,-9.109590746445088,21.643710435949167,,,,,,,,,,,,,
387,0.003171,37433,-3.4024023246072663,3.4148309423148437,,,,,,,,,,,,,
388,0.003179,37369,11.087953264089016,28.070788281061276,,,,,,,,,,,,,
389,0.003187,37257,-4.773654486106917,21.361662401839823,,,,,,,,,,,,,
390,0.003195,37177,-7.057280321200091,35.136373340974494,,,,,,,,,,,,,
391,0.003203,37081,10.117635842086703,12.81674641741251,,,,,,,,,,,,,
392,0.003212,37001,-1.594321472048269,15.998504324890268,,,,,,,,,,,,,
393,0.00322,36905,-8.051145809791864,9.498247213451382,,,,,,,,,,,,,
394,0.003228,36792,8.423155054546053,31.265266808426176,,,,,,,,,,,,,
395,0.003236,36712,-0.2789648870328288,19.631502334753534,,,,,,,,,,,,,
396,0.003244,36616,-7.1530423055526375,30.862735006411953,,,,,,,,,,,,,
397,0.003252,36536,6.95081095797006,9.870218130284336,,,,,,,,,,,,,
398,0.003261,36424,-0.6384247930705429,18.212252106402662,,,,,,,,,,,,,
399,0.003269,36296,-5.164079075571218,8.174085689783247,,,,,,,,,,,,,
400,0.003277,36264,5.858420081658576,27.4430354104429,,,,,,,,,,,,,
401,0.003285,36152,-2.103881593724684,15.736637465967277,,,,,,,,,,,,,
402,0.003293,36072,-2.456393079793794,29.68093349261439,,,,,,,,,,,,,
403,0.003302,35976,4.894303576631798,12.518153919134722,,,,,,,,,,,,,
404,0.00331,35880,-4.25905496567794,22.3479883731226,,,,,,,,,,,,,
405,0.003318,35816,0.8212276936574907,4.8995762583703435,,,,,,,,,,,,,
406,0.003326,35720,4.009870250298432,20.346256552494765,,,,,,,,,,,,,
407,0.003334,35624,-6.9509560377138815,12.61383319686931,,,,,,,,,,,,,
408,0.003343,35544,4.297526575373469,31.346798234081188,,,,,,,,,,,,,
409,0.003351,35464,3.612719639607064,18.713896498387385,,,,,,,,,,,,,
410,0.003359,35352,-10.035945372591257,27.565809820265564,,,,,,,,,,,,,
411,0.003367,35256,7.164631144114169,7.287049108820879,,,,,,,,,,,,,
412,0.003375,35176,4.280890956576138,13.17217693351759,,,,,,,,,,,,,
413,0.003384,35096,-13.01867185827779,15.233844393302826,,,,,,,,,,,,,
414,0.003392,35016,8.429489006405616,35.85094001839776,,,,,,,,,,,,,
415,0.0034,34920,6.104367200732763,23.81618650409921,,,,,,,,,,,,,
416,0.003408,34744,-14.931804687201163,28.48876162145596,,,,,,,,,,,,,
417,0.003416,34744,7.587999204177634,8.299770868004794,,,,,,,,,,,,,
418,0.003425,34616,8.168277123058557,13.419520770192321,,,,,,,,,,,,,
419,0.003433,34568,-14.727094795375647,18.445205861709567,,,,,,,,,,,,,
420,0.003441,34488,5.248819034528748,36.752457410910054,,,,,,,,,,,,,
421,0.003449,34392,8.751698322869686,21.570042617630147,,,,,,,,,,,,,
422,0.003457,34296,-11.973709554191965,23.532031308258134,,,,,,,,,,,,,
423,0.003465,34168,3.0793358712887464,3.217108403728903,,,,,,,,,,,,,
424,0.003474,34152,6.248963094695273,17.16112058952708,,,,,,,,,,,,,
425,0.003482,34040,-7.289459844283365,12.795264949549349,,,,,,,,,,,,,
426,0.00349,33976,2.9753757600885042,27.401065202258685,,,,,,,,,,,,,
427,0.003498,33880,0.188979196659893,13.625753360380626,,,,,,,,,,,,,
428,0.003506,33768,-2.1682942547880755,26.5581608584031,,,,,,,,,,,,,
429,0.003515,33720,6.007307638459082,13.368401757422422,,,,,,,,,,,,,
430,0.003523,33608,-8.309867369764461,19.9047387787002,,,,,,,,,,,,,
431,0.003531,33528,1.651294097888969,3.3530234636153193,,,,,,,,,,,,,
432,0.003539,33448,11.793148969572306,17.11866368259928,,,,,,,,,,,,,
433,0.003547,33336,-16.883698141587615,22.97274645288692,,,,,,,,,,,,,
434,0.003556,33272,2.9363198184862096,42.471197777074366,,,,,,,,,,,,,
435,0.003564,33208,18.577399138901267,29.48971729846023,,,,,,,,,,,,,
436,0.003572,33080,-22.90229941568597,25.402912367585074,,,,,,,,,,,,,
437,0.00358,33048,1.5352273274173402,17.95544336141171,,,,,,,,,,,,,
438,0.003588,32984,23.9632900771929,24.927396419211714,,,,,,,,,,,,,
439,0.003597,32840,-24.65865399827409,34.119351428803625,,,,,,,,,,,,,
440,0.003605,32776,-1.527090520794082,50.130733456301975,,,,,,,,,,,,,
441,0.003613,32711,26.010777281474528,33.278763526971694,,,,,,,,,,,,,
442,0.003621,32567,-22.121877889135906,22.485335060104276,,,,,,,,,,,,,
443,0.003629,32503,-4.619170391150693,18.278725377028305,,,,,,,,,,,,,
444,0.003638,32455,24.13331713183502,27.496857415288076,,,,,,,,,,,,,
445,0.003646,32343,-16.732989556290214,30.2884483939783,,,,,,,,,,,,,
446,0.003654,32263,-6.455727957123694,41.81657741684171,,,,,,,,,,,,,
447,0.003662,32199,19.21057561769645,22.597337000145625,,,,,,,,,,,,,
448,0.00367,32103,-10.368206608359444,12.325752165266028,,,,,,,,,,,,,
449,0.003679,32023,-6.7559124240065875,8.388610411550895,,,,,,,,,,,,,
450,0.003687,31959,12.839765183192553,24.221689789203552,,,,,,,,,,,,,
451,0.003695,31879,-4.261874513622761,18.725609097512198,,,,,,,,,,,,,
452,0.003703,31783,-6.111342697914337,27.090391368506765,,,,,,,,,,,,,
453,0.003711,31719,6.3254766669822065,8.22795698343088,,,,,,,,,,,,,
454,0.003719,31623,1.292748091370922,14.391520655648973,,,,,,,,,,,,,
455,0.003728,31543,-5.231900115076669,10.191053011753894,,,,,,,,,,,,,
456,0.003736,31479,0.2079752261158802,25.368507305274118,,,,,,,,,,,,,
457,0.003744,31399,6.33658507742118,11.716874670050714,,,,,,,,,,,,,
458,0.003752,31319,-4.258515711892625,13.694510205448326,,,,,,,,,,,,,
459,0.00376,31255,-5.373031754924722,5.403761827509712,,,,,,,,,,,,,
460,0.003769,31159,10.391341929171277,23.95700602506802,,,,,,,,,,,,,
461,0.003777,31079,-2.7338547937557918,19.726512410246638,,,,,,,,,,,,,
462,0.003785,30967,-9.937846489761144,29.080611856004875,,,,,,,,,,,,,
463,0.003793,30935,12.21955330909127,12.427677538706485,,,,,,,,,,,,,
464,0.003801,30855,-0.21741273136969935,5.269083525428623,,,,,,,,,,,,,
465,0.00381,30775,-12.349083443306625,12.46826251160661,,,,,,,,,,,,,
466,0.003818,30727,10.517940279432201,29.18001730099233,,,,,,,,,,,,,
467,0.003826,30615,3.0355527825146265,20.289860446209204,,,,,,,,,,,,,
468,0.003834,30535,-11.3535183248042,23.48563789311284,,,,,,,,,,,,,
469,0.003842,30471,5.058488345077711,5.169427021614798,,,,,,,,,,,,,
470,0.003851,30407,5.97336982966994,13.50731894563607,,,,,,,,,,,,,
471,0.003859,30295,-6.676906123022552,13.318772708899036,,,,,,,,,,,,,
472,0.003867,30263,-2.6415191524257478,25.283849683681407,,,,,,,,,,,,,
473,0.003875,30183,7.411730973687417,9.442481700518778,,,,,,,,,,,,,
474,0.003883,30103,0.1967143090508165,9.528048702480223,,,,,,,,,,,,,
475,0.003892,29991,-9.793774056055415,10.89425623327381,,,,,,,,,,,,,
476,0.0039,29959,6.974105766350838,28.287520253474472,,,,,,,,,,,,,
477,0.003908,29895,6.387620514737252,19.757270764272675,,,,,,,,,,,,,
478,0.003916,29799,-13.777058048053632,21.792143963079496,,,,,,,,,,,,,
479,0.003924,29751,5.44318191657692,7.950117167732541,,,,,,,,,,,,,
480,0.003932,29687,9.137864769520608,11.38838844033551,,,,,,,,,,,,,
481,0.003941,29591,-13.513855574161342,16.804854174921886,,,,,,,,,,,,,
482,0.003949,29511,4.102861669949039,30.02530969960383,,,,,,,,,,,,,
483,0.003957,29463,7.46595905346936,17.681387180177882,,,,,,,,,,,,,
484,0.003965,29383,-9.801653278512148,18.79430324535051,,,,,,,,,,,,,
485,0.003973,29319,3.626381877514635,3.6271457791886754,,,,,,,,,,,,,
486,0.003982,29255,2.739186827523218,11.842968561069808,,,,,,,,,,,,,
487,0.00399,29175,-4.549918642876496,7.2369386259052915,,,,,,,,,,,,,
488,0.003998,29143,3.515632272368072,18.6484514412346,,,,,,,,,,,,,
489,0.004006,29047,-2.178127697616377,9.922822155509243,,,,,,,,,,,,,
490,0.004014,28951,0.31250908176651876,20.628526164495764,,,,,,,,,,,,,
491,0.004023,28919,2.5312630818461415,10.628560558347003,,,,,,,,,,,,,
492,0.004031,28839,-4.5018740267670045,17.867262802468815,,,,,,,,,,,,,
493,0.004039,28823,3.5510812321748975,5.273555694219227,,,,,,,,,,,,,
494,0.004047,28711,-0.3275925190243462,11.984985525944358,,,,,,,,,,,,,
495,0.004055,28630,-2.8728861837352273,4.317153375656775,,,,,,,,,,,,,
496,0.004064,28566,4.8022807446851425,16.15976202644594,,,,,,,,,,,,,
497,0.004072,28470,-4.992327098255485,10.716529512815688,,,,,,,,,,,,,
498,0.00408,28406,2.0928761887828498,22.975970170296236,,,,,,,,,,,,,
499,0.004088,28342,4.313616611459919,14.663134962211325,,,,,,,,,,,,,
500,0.004096,28262,-10.05160102888299,20.212703463248747,,,,,,,,,,,,,
501,0.004105,28214,8.250757022296883,8.437787024350726,,,,,,,,,,,,,
502,0.004113,28118,2.3934650898370284,3.7696354026830754,,,,,,,,,,,,,
503,0.004121,28054,-13.242140596115235,13.256921532587985,,,,,,,,,,,,,
504,0.004129,28006,13.220359227485222,27.246542950403928,,,,,,,,,,,,,
505,0.004137,27910,-1.0143472988978681,22.558898728419344,,,,,,,,,,,,,
506,0.004145,27814,-12.676395770590746,28.855064055042092,,,,,,,,,,,,,
507,0.004154,27798,15.789331525627942,15.949058376074582,,,,,,,,,,,,,
508,0.004162,27718,-6.107327781590776,6.121020221526878,,,,,,,,,,,,,
509,0.00417,27638,-8.204906495852512,11.254462235598595,,,,,,,,,,,,,
510,0.004178,27606,16.39227489807572,20.93009151404971,,,,,,,,,,,,,
511,0.004186,27510,-12.383827437107968,21.94190088186689,,,,,,,,,,,,,
512,0.004195,27446,-1.8522675321048883,33.04759879374946,,,,,,,,,,,,,
513,0.004203,27398,16.240029210595836,22.682231250564293,,,,,,,,,,,,,
514,0.004211,27318,-18.044515661123054,19.29687062163593,,,,,,,,,,,,,
515,0.004219,27302,3.302539191591979,14.58485727429192,,,,,,,,,,,,,
516,0.004227,27206,15.887261831855863,15.905152498392924,,,,,,,,,,,,,
517,0.004236,27094,-20.574491907575617,23.99106203319321,,,,,,,,,,,,,
518,0.004244,27078,5.15840819435756,35.715074681517194,,,,,,,,,,,,,
519,0.004252,27014,14.642882414165046,25.07168499251172,,,,,,,,,,,,,
520,0.00426,26918,-18.408164907718714,20.617423534609877,,,,,,,,,,,,,
521,0.004268,26854,3.9396726383383913,11.658191067386982,,,,,,,,,,,,,
522,0.004277,26838,11.46091696702582,12.197973172083596,,,,,,,,,,,,,
523,0.004285,26742,-12.36002511210079,16.10048507752171,,,,,,,,,,,,,
524,0.004293,26678,1.735942012895439,24.901247383947744,,,,,,,,,,,,,
525,0.004301,26614,6.440796212695262,12.760166797470381,,,,,,,,,,,,,
526,0.004309,26534,-5.4791316322159505,13.181025929761958,,,,,,,,,,,,,
527,0.004318,26470,0.7128418752261573,2.185175702962077,,,,,,,,,,,,,
528,0.004326,26422,1.4230716423666947,12.36246988033253,,,,,,,,,,,,,
529,0.004334,26358,-1.3186152246624563,5.4524535160391645,,,,,,,,,,,,,
530,0.004342,26310,1.550873145579831,14.18037721048693,,,,,,,,,,,,,
531,0.00435,26230,-0.9493505862415039,7.677444774414824,,,,,,,,,,,,,
532,0.004358,26166,-1.887906144108347,15.870601412311924,,,,,,,,,,,,,
533,0.004367,26118,3.2492340697398197,5.128491044433331,,,,,,,,,,,,,
534,0.004375,26038,1.0076419023768697,8.77813044449108,,,,,,,,,,,,,
535,0.004383,25990,-6.647672772607164,8.187074452002381,,,,,,,,,,,,,
536,0.004391,25942,4.2126038934268015,21.54387870409847,,,,,,,,,,,,,
537,0.004399,25878,6.735379001645901,15.793906880500215,,,,,,,,,,,,,
538,0.004408,25814,-13.043465774960158,16.672934142009534,,,,,,,,,,,,,
539,0.004416,25766,3.6407171517580803,10.376885431841592,,,,,,,,,,,,,
540,0.004424,25750,13.510545653414091,13.615571291520824,,,,,,,,,,,,,
541,0.004432,25622,-18.0570135425696,22.118162298208183,,,,,,,,,,,,,
542,0.00444,25574,2.188398072825782,33.8070995375922,,,,,,,,,,,,,
543,0.004449,25510,17.80641152015952,25.125282592149947,,,,,,,,,,,,,
544,0.004457,25414,-19.735209665390634,20.004678408123404,,,,,,,,,,,,,
545,0.004465,25382,1.5302134825137093,16.34952170890481,,,,,,,,,,,,,
546,0.004473,25350,17.046972032465977,17.0671528309146,,,,,,,,,,,,,
547,0.004481,25254,-17.88339031254655,22.026250760219718,,,,,,,,,,,,,
548,0.00449,25206,3.2766133868818894,30.139830245425017,,,,,,,,,,,,,
549,0.004498,25142,10.753898064059625,19.819423747991657,,,,,,,,,,,,,
550,0.004506,25078,-13.79288690315009,17.99835376133979,,,,,,,,,,,,,
551,0.004514,25046,8.013715932842217,9.138550459178498,,,,,,,,,,,,,
552,0.004522,24982,0.6228393363082428,0.6621299852687071,,,,,,,,,,,,,
553,0.004531,24886,-9.403738750441017,10.187250778721566,,,,,,,,,,,,,
554,0.004539,24854,14.966989569896842,19.816223925827735,,,,,,,,,,,,,
555,0.004547,24774,-10.307647225049148,21.847442508160317,,,,,,,,,,,,,
556,0.004555,24726,-6.391054262303097,32.037309016198414,,,,,,,,,,,,,
557,0.004563,24678,22.32066663994037,24.927808908908514,,,,,,,,,,,,,
558,0.004572,24582,-18.927758914323125,19.69666174036428,,,,,,,,,,,,,
559,0.00458,24517,-5.489990183656064,23.050377369370477,,,,,,,,,,,,,
560,0.004588,24501,27.96554113220776,28.044103665985684,,,,,,,,,,,,,
561,0.004596,24357,-23.27895350375715,34.23548730451414,,,,,,,,,,,,,
562,0.004604,24325,-6.278500666989986,43.07745943756678,,,,,,,,,,,,,
563,0.004612,24325,30.380215063919614,33.699659438470924,,,,,,,,,,,,,
564,0.004621,24197,-23.21686042797979,25.351206826800805,,,,,,,,,,,,,
565,0.004629,24181,-7.545870556096736,26.60722345264053,,,,,,,,,,,,,
566,0.004637,24133,29.226817419063032,29.439559406240534,,,,,,,,,,,,,
567,0.004645,24037,-20.145348640881718,32.556469852776644,,,,,,,,,,,,,
568,0.004653,23989,-8.03821668825205,38.4050932287196,,,,,,,,,,,,,
569,0.004662,23941,25.284057219303236,27.23219668135768,,,,,,,,,,,,,
570,0.00467,23877,-15.992090330687647,17.41805850402899,,,,,,,,,,,,,
571,0.004678,23813,-7.088634175567477,17.880892343019802,,,,,,,,,,,,,
572,0.004686,23781,19.788184217764066,20.977442758793682,,,,,,,,,,,,,
573,0.004694,23717,-12.121421410248525,21.7569858746205,,,,,,,,,,,,,
574,0.004703,23653,-4.788469903916421,26.679233506989814,,,,,,,,,,,,,
575,0.004711,23653,13.713369152449252,15.860331985823308,,,,,,,,,,,,,
576,0.004719,23541,-8.850985684886167,9.153031726367535,,,,,,,,,,,,,
577,0.004727,23477,-1.7490076204281126,5.90433373842846,,,,,,,,,,,,,
578,0.004735,23445,7.493332091724697,10.27039495511032,,,,,,,,,,,,,
579,0.004744,23365,-5.723636417842297,9.268880886951555,,,,,,,,,,,,,
580,0.004752,23333,1.2866689775966798,15.03791513600813,,,,,,,,,,,,,
581,0.00476,23253,1.2411010384749794,7.646557381076491,,,,,,,,,,,,,
582,0.004768,23173,-2.2046769572256655,12.686631561046989,,,,,,,,,,,,,
583,0.004776,23157,3.778798576097438,6.550271054204227,,,,,,,,,,,,,
584,0.004785,23093,-4.82122583901213,9.158846109148408,,,,,,,,,,,,,
585,0.004793,23061,1.6699005172030557,3.081142257326276,,,,,,,,,,,,,
586,0.004801,22997,5.535896012480404,6.516966577364683,,,,,,,,,,,,,
587,0.004809,22917,-10.042289683964585,11.317026531625244,,,,,,,,,,,,,
588,0.004817,22901,5.101286249958899,20.7516218714205,,,,,,,,,,,,,
589,0.004825,22837,6.602162654797086,16.158518452718038,,,,,,,,,,,,,
590,0.004834,22773,-13.376831980849328,16.46211175918631,,,,,,,,,,,,,
591,0.004842,22725,6.923317223661142,10.589148641171093,,,,,,,,,,,,,
592,0.00485,22677,7.027706675654308,7.47148722979509,,,,,,,,,,,,,
593,0.004858,22613,-13.815822998069113,14.409248990702173,,,,,,,,,,,,,
594,0.004866,22581,6.300147946468011,22.03147610629273,,,,,,,,,,,,,
595,0.004875,22533,6.736949912233577,15.702305012009084,,,,,,,,,,,,,
596,0.004883,22437,-10.962317947004303,13.705630414005393,,,,,,,,,,,,,
597,0.004891,22405,3.283179268330413,6.021272192553576,,,,,,,,,,,,,
598,0.004899,22341,5.584104137712386,6.753281085704616,,,,,,,,,,,,,
599,0.004907,22293,-5.425404581543575,8.422609785084417,,,,,,,,,,,,,
600,0.004916,22245,-1.081270104487209,13.496883592365853,,,,,,,,,,,,,
601,0.004924,22197,3.5614268651654015,4.56294120024544,,,,,,,,,,,,,
602,0.004932,22149,1.1972717443765495,5.24115839034623,,,,,,,,,,,,,
603,0.00494,22085,-5.171181454742049,6.856346203342018,,,,,,,,,,,,,
604,0.004948,22037,1.0268512391459708,15.438234359699893,,,,,,,,,,,,,
605,0.004957,21989,6.813581371174725,10.357923682066659,,,,,,,,,,,,,
606,0.004965,21925,-7.561945951274047,8.408839414480138,,,,,,,,,,,,,
607,0.004973,21893,-1.2328250998927304,6.324532271302563,,,,,,,,,,,,,
608,0.004981,21845,9.685308538868721,10.904082337359807,,,,,,,,,,,,,
609,0.004989,21781,-7.792316630662215,13.050470597074602,,,,,,,,,,,,,
610,0.004998,21765,-2.2700639170536725,18.552740928123296,,,,,,,,,,,,,
611,0.005006,21701,9.3325273175901,11.255626296483138,,,,,,,,,,,,,
612,0.005014,21621,-6.663583497196476,7.004298693936865,,,,,,,,,,,,,
613,0.005022,21509,-1.6049404776503269,4.981716727550117,,,,,,,,,,,,,
614,0.00503,21541,6.999964935800029,8.837274212179397,,,,,,,,,,,,,
615,0.005038,21477,-5.721003217754125,9.22107679808436,,,,,,,,,,,,,
616,0.005047,21477,0.12498850999126088,14.549915453844612,,,,,,,,,,,,,
617,0.005055,21397,5.153724784883984,8.736732386885095,,,,,,,,,,,,,
618,0.005063,21333,-6.099968144091298,8.283931269507043,,,,,,,,,,,,,
619,0.005071,21285,1.1784270476353667,3.7755100245155604,,,,,,,,,,,,,
620,0.005079,21221,6.01322371075589,6.784309400781906,,,,,,,,,,,,,
621,0.005088,21189,-7.609762319443075,10.314611932392683,,,,,,,,,,,,,
622,0.005096,21141,-0.267716979507625,17.244361027440167,,,,,,,,,,,,,
623,0.005104,21093,10.035876778871057,12.403034222950078,,,,,,,,,,,,,
624,0.005112,21013,-8.884135868762327,8.937423592061828,,,,,,,,,,,,,
625,0.00512,20949,-4.707214135096582,11.03563268928161,,,,,,,,,,,,,
626,0.005129,20933,15.511423247371594,16.685958205515092,,,,,,,,,,,,,
627,0.005137,20837,-8.512103720200638,19.88857293822814,,,,,,,,,,,,,
628,0.005145,20821,-10.641958623597567,24.988087243705174,,,,,,,,,,,,,
629,0.005153,20789,19.630630947354476,19.63075411009772,,,,,,,,,,,,,
630,0.005161,20709,-6.211019181536756,14.098568531201343,,,,,,,,,,,,,
631,0.00517,20645,-15.333764823261276,19.391066618851934,,,,,,,,,,,,,
632,0.005178,20629,20.2895344354996,24.671920191672235,,,,,,,,,,,,,
633,0.005186,20565,-3.051234773491148,24.0333566161958,,,,,,,,,,,,,
634,0.005194,20468,-16.567668236980776,25.134082657037606,,,,,,,,,,,,,
635,0.005202,20485,17.33872043339558,18.263135586108536,,,,,,,,,,,,,
636,0.005211,20436,-0.5232603786170532,11.153520174388028,,,,,,,,,,,,,
637,0.005219,20372,-14.169136415589701,15.143164282737795,,,,,,,,,,,,,
638,0.005227,20340,12.421348647937702,18.991339744114676,,,,,,,,,,,,,
639,0.005235,20276,0.7404458609630995,15.586817437062706,,,,,,,,,,,,,
640,0.005243,20228,-10.101843070606973,15.137318913937314,,,,,,,,,,,,,
641,0.005251,20196,7.677397001476548,8.2779438199714,,,,,,,,,,,,,
642,0.00526,20148,1.4233375497633654,2.276639825921243,,,,,,,,,,,,,
643,0.005268,20100,-7.070971406781663,7.094838116189897,,,,,,,,,,,,,
644,0.005276,20068,4.452045217186029,12.24226750839921,,,,,,,,,,,,,
645,0.005284,19988,2.7553118604950275,8.977484450872108,,,,,,,,,,,,,
646,0.005292,19956,-6.739953356315261,9.073796070142135,,,,,,,,,,,,,
647,0.005301,19924,2.9221365797336833,5.052176051441755,,,,,,,,,,,,,
648,0.005309,19876,5.250418275728875,5.251201069355267,,,,,,,,,,,,,
649,0.005317,19828,-8.839426729809066,9.958538887072633,,,,,,,,,,,,,
650,0.005325,19780,2.604599978159252,15.966468408566532,,,,,,,,,,,,,
651,0.005333,19780,8.059295082095353,12.99611913869388,,,,,,,,,,,,,
652,0.005342,19684,-11.59916783490639,11.845025828611169,,,,,,,,,,,,,
653,0.00535,19636,3.0618926355299343,10.492059983245923,,,,,,,,,,,,,
654,0.005358,19604,9.403335808194823,10.074695825255823,,,,,,,,,,,,,
655,0.005366,19556,-12.984726902762034,14.099618076857094,,,,,,,,,,,,,
656,0.005374,19524,4.260285841599099,18.527469002252726,,,,,,,,,,,,,
657,0.005383,19460,7.682303661537528,14.549364174004799,,,,,,,,,,,,,
658,0.005391,19348,-11.934334402652057,12.959803644088694,,,,,,,,,,,,,
659,0.005399,19380,6.497576746779281,9.414899822147893,,,,,,,,,,,,,
660,0.005407,19332,2.5646491321559552,5.4685310554668805,,,,,,,,,,,,,
661,0.005415,19284,-8.991828623658359,9.372187682868208,,,,,,,,,,,,,
662,0.005424,19236,9.961518732002341,13.13887773926521,,,,,,,,,,,,,
663,0.005432,19188,-4.485456311057774,13.400409747860179,,,,,,,,,,,,,
664,0.00544,19156,-5.923249401761234,17.402875724667965,,,,,,,,,,,,,
665,0.005448,19124,14.094695020098493,14.716649051559973,,,,,,,,,,,,,
666,0.005456,19044,-10.693354421325266,12.568433706668449,,,,,,,,,,,,,
667,0.005465,19012,-4.39442515734703,15.105288921695333,,,,,,,,,,,,,
668,0.005473,18996,17.340513507554082,17.341341947007827,,,,,,,,,,,,,
669,0.005481,18916,-13.459298516176984,20.05426905999069,,,,,,,,,,,,,
670,0.005489,18900,-4.635026131452419,23.350235096900448,,,,,,,,,,,,,
671,0.005497,18868,17.773328849605317,18.944036258795986,,,,,,,,,,,,,
672,0.005505,18788,-11.957254733143603,14.490333699893657,,,,,,,,,,,,,
673,0.005514,18756,-5.1929593493799615,14.439911300717933,,,,,,,,,,,,,
674,0.005522,18724,14.327297680047057,14.478701131339937,,,,,,,,,,,,,
675,0.00553,18660,-7.673054935237809,14.001834992890545,,,,,,,,,,,,,
676,0.005538,18644,-4.041182455103977,14.338495795602473,,,,,,,,,,,,,
677,0.005546,18580,7.710249187993691,8.173649994474697,,,,,,,,,,,,,
678,0.005555,18532,-3.3954455850829657,3.40412870538775,,,,,,,,,,,,,
679,0.005563,18372,-0.2312958761313307,1.1827402763605608,,,,,,,,,,,,,
680,0.005571,18404,0.18632430825091248,2.292796830163025,,,,,,,,,,,,,
681,0.005579,18372,-1.282358233934436,1.9304784445750616,,,,,,,,,,,,,
682,0.005587,18372,5.22905301784842,5.716833084037855,,,,,,,,,,,,,
683,0.005596,18276,-5.814792403901738,8.65100828177017,,,,,,,,,,,,,
684,0.005604,18260,-1.4422210495674168,13.163484871122806,,,,,,,,,,,,,
685,0.005612,18260,10.108125844467938,11.47004181180909,,,,,,,,,,,,,
686,0.00562,18212,-9.232828527767973,10.02370392825566,,,,,,,,,,,,,
687,0.005628,18116,-2.2516555482904685,11.379303006514167,,,,,,,,,,,,,
688,0.005637,18116,12.680751101312284,12.716471228962353,,,,,,,,,,,,,
689,0.005645,18036,-10.65433760250701,14.820266179274316,,,,,,,,,,,,,
690,0.005653,18004,-2.0944443758638642,17.434613981165413,,,,,,,,,,,,,
691,0.005661,17988,12.780825807872485,14.479029577430227,,,,,,,,,,,,,
692,0.005669,17908,-11.111663985712774,11.988166379965067,,,,,,,,,,,,,
693,0.005678,17908,-0.7926181154220552,11.915076500056829,,,,,,,,,,,,,
694,0.005686,17828,11.274189013354656,11.637562857560598,,,,,,,,,,,,,
695,0.005694,17780,-10.720903671759334,12.987646019452676,,,,,,,,,,,,,
696,0.005702,17748,0.5436775622640245,14.709518739526768,,,,,,,,,,,,,
697,0.00571,17700,8.74410964868524,11.360279104634893,,,,,,,,,,,,,
698,0.005718,17668,-8.52287500744341,8.563397970801207,,,,,,,,,,,,,
699,0.005727,17620,0.8660923965171002,6.62674934139743,,,,,,,,,,,,,
700,0.005735,17588,4.828054650417616,4.878098619527604,,,,,,,,,,,,,
701,0.005743,17524,-3.6268717902229772,4.499497238419375,,,,,,,,,,,,,
702,0.005751,17492,0.34425021741553385,4.293238648792047,,,,,,,,,,,,,
703,0.005759,17476,-1.1401430618666217,1.345762514134035,,,,,,,,,,,,,
704,0.005768,17412,3.4210927645390883,5.939949027941787,,,,,,,,,,,,,
705,0.005776,17380,0.2685682985930597,8.055191243797898,,,,,,,,,,,,,
706,0.005784,17332,-8.799987120145287,11.245283295672328,,,,,,,,,,,,,
707,0.005792,17316,10.319591933117524,12.022142507205789,,,,,,,,,,,,,
708,0.0058,17252,1.805619201758861,12.637285502911066,,,,,,,,,,,,,
709,0.005809,17204,-16.063266178333045,16.873933483966308,,,,,,,,,,,,,
710,0.005817,17188,14.176439903136414,20.491681711025098,,,,,,,,,,,,,
711,0.005825,17140,4.7423474761480655,20.90643533222025,,,,,,,,,,,,,
712,0.005833,17060,-19.91834174535297,21.13756609157376,,,,,,,,,,,,,
713,0.005841,17076,13.35352792287083,19.7235278269258,,,,,,,,,,,,,
714,0.00585,17028,7.399777272122685,17.744088238165652,,,,,,,,,,,,,
715,0.005858,16948,-18.34178812674425,18.353226505123256,,,,,,,,,,,,,
716,0.005866,16932,8.581491079286938,18.364019829474422,,,,,,,,,,,,,
717,0.005874,16900,7.892350688558667,15.137130900225731,,,,,,,,,,,,,
718,0.005882,16836,-11.904399482447333,11.905626876860701,,,,,,,,,,,,,
719,0.005891,16820,2.486998796825825,8.766721013740387,,,,,,,,,,,,,
720,0.005899,16788,5.7376867717432205,6.196032580378194,,,,,,,,,,,,,
721,0.005907,16740,-3.7862856955193953,5.430692551287246,,,,,,,,,,,,,
722,0.005915,16692,-2.101249909413149,4.976229708159429,,,,,,,,,,,,,
723,0.005923,16660,2.4929643171683904,2.8434307029382437,,,,,,,,,,,,,
724,0.005931,16628,1.933809947732933,2.4349881350651232,,,,,,,,,,,,,
725,0.00594,16596,-3.8345589255615513,4.154847732332024,,,,,,,,,,,,,
726,0.005948,16548,0.84624161447056,5.428203912020038,,,,,,,,,,,,,
727,0.005956,16532,2.62650882882707,4.207897488413994,,,,,,,,,,,,,
728,0.005964,16468,-3.3920297248073763,3.6260930476408437,,,,,,,,,,,,,
729,0.005972,16436,2.75790362010601,3.11624248095685,,,,,,,,,,,,,
730,0.005981,16388,-1.4028302497983587,3.2044927005596806,,,,,,,,,,,,,
731,0.005989,16355,-2.6455300442724354,5.5768603401069825,,,,,,,,,,,,,
732,0.005997,16323,7.944709073578983,7.959926968150592,,,,,,,,,,,,,
733,0.006005,16291,-7.200131689284761,10.6135950300838,,,,,,,,,,,,,
734,0.006013,16243,-3.1334287029037147,13.34354648084471,,,,,,,,,,,,,
735,0.006022,16211,13.78456306389939,14.39019386829093,,,,,,,,,,,,,
736,0.00603,16147,-11.005833919959976,15.170849311707753,,,,,,,,,,,,,
737,0.006038,16131,-4.93532809783016,16.403292085459533,,,,,,,,,,,,,
738,0.006046,16179,16.797343308308527,16.98293748787001,,,,,,,,,,,,,
739,0.006054,16067,-10.48491222510604,17.11394919842696,,,,,,,,,,,,,
740,0.006063,16035,-6.724501633465914,16.65537402444148,,,,,,,,,,,,,
741,0.006071,16003,14.797124358200138,14.811548229175198,,,,,,,,,,,,,
742,0.006079,15939,-5.925274454746691,12.62106577669182,,,,,,,,,,,,,
743,0.006087,15923,-6.916852829433396,10.814382937541588,,,,,,,,,,,,,
744,0.006095,15875,8.268710778249233,8.820376541760698,,,,,,,,,,,,,
745,0.006104,15843,0.29196881848638945,6.690778213093984,,,,,,,,,,,,,
746,0.006112,15779,-4.976146833366883,5.004738485770481,,,,,,,,,,,,,
747,0.00612,15731,0.03670468128103268,4.507815887534461,,,,,,,,,,,,,
748,0.006128,15715,5.393852190605743,5.395828589476335,,,,,,,,,,,,,
749,0.006136,15667,-1.866194205188512,6.746545434663413,,,,,,,,,,,,,
750,0.006144,15619,-6.452666129700517,8.008511687314055,,,,,,,,,,,,,
751,0.006153,15603,7.828426852702953,9.029972635073783,,,,,,,,,,,,,
752,0.006161,15539,0.6102398886275401,9.772956314373186,,,,,,,,,,,,,
753,0.006169,15507,-9.035642355857762,9.927612480898052,,,,,,,,,,,,,
754,0.006177,15491,7.81150630282218,9.623974185002801,,,,,,,,,,,,,
755,0.006185,15459,1.047950765481032,9.18332512724986,,,,,,,,,,,,,
756,0.006194,15411,-7.768754601853869,8.457095631635438,,,,,,,,,,,,,
757,0.006202,15379,6.662140806771269,7.850243025251948,,,,,,,,,,,,,
758,0.00621,15331,-0.6008504722354929,7.370179754814076,,,,,,,,,,,,,
759,0.006218,15315,-4.482990567605556,6.300878273436224,,,,,,,,,,,,,
760,0.006226,15267,5.558843647745643,5.559217894478476,,,,,,,,,,,,,
761,0.006235,15235,-2.96123937063087,5.056010816592983,,,,,,,,,,,,,
762,0.006243,15187,-1.4034034163286384,4.450300614400646,,,,,,,,,,,,,
763,0.006251,15155,4.644251875365053,4.904700047814633,,,,,,,,,,,,,
764,0.006259,15123,-4.102168365532245,5.301398761165863,,,,,,,,,,,,,
765,0.006267,15075,0.2167096179044528,4.8126780920950045,,,,,,,,,,,,,
766,0.006276,15059,3.0770263612697253,4.453399735852036,,,,,,,,,,,,,
767,0.006284,15011,-2.790259047142852,2.844205048854246,,,,,,,,,,,,,
768,0.006292,14995,0.6349498011257398,0.9288566961785094,,,,,,,,,,,,,
769,0.0063,14963,-0.06341270463639906,0.3363592723356229,,,,,,,,,,,,,
770,0.006308,14915,0.6259545779084476,0.6522704557772613,,,,,,,,,,,,,
771,0.006317,14883,1.1097532230645912,2.6112946700217265,,,,,,,,,,,,,
772,0.006325,14851,-4.672754357879742,4.683775280533646,,,,,,,,,,,,,
773,0.006333,14819,4.251324836702685,6.85065366373571,,,,,,,,,,,,,
774,0.006341,14787,2.741008968926563,9.262389739795877,,,,,,,,,,,,,
775,0.006349,14739,-9.135790087935531,9.303205910780793,,,,,,,,,,,,,
776,0.006358,14739,5.6591341431286795,8.953174960629008,,,,,,,,,,,,,
777,0.006366,14707,5.465461275566829,10.22790555982641,,,,,,,,,,,,,
778,0.006374,14659,-10.950236584427683,11.283187914700909,,,,,,,,,,,,,
779,0.006382,14659,3.3247558187160755,11.502870946680263,,,,,,,,,,,,,
780,0.00639,14611,7.95923633832441,11.523689999408877,,,,,,,,,,,,,
781,0.006398,14579,-8.20734029759143,9.24300375358252,,,,,,,,,,,,,
782,0.006407,14531,-2.431058957122974,7.141521153500424,,,,,,,,,,,,,
783,0.006415,14531,8.58692220396555,8.697153061496422,,,,,,,,,,,,,
784,0.006423,14467,-1.0098950375840894,10.95929710061926,,,,,,,,,,,,,
785,0.006431,14419,-9.606084426039313,10.438731964539564,,,,,,,,,,,,,
786,0.006439,14419,6.759549977392857,10.232419301668953,,,,,,,,,,,,,
787,0.006448,14371,8.133855130242429,13.247295194032915,,,,,,,,,,,,,
788,0.006456,14323,-15.661896839006568,16.708495565949875,,,,,,,,,,,,,
789,0.006464,14291,3.7243400995470153,18.90831133675289,,,,,,,,,,,,,
790,0.006472,14275,15.283068809527865,21.07401353240086,,,,,,,,,,,,,
791,0.00648,14227,-18.901330918503266,20.231899273123535,,,,,,,,,,,,,
792,0.006489,14211,2.167960326732556,18.689325587756684,,,,,,,,,,,,,
793,0.006497,14195,16.919696490532264,20.504207817872583,,,,,,,,,,,,,
794,0.006505,14115,-19.263624204361456,21.63695911246469,,,,,,,,,,,,,
795,0.006513,14099,4.78778227109138,20.786226596139073,,,,,,,,,,,,,
796,0.006521,14083,11.726010712966941,20.956606648962005,,,,,,,,,,,,,
797,0.00653,14019,-18.14739372787974,18.21737122662851,,,,,,,,,,,,,
798,0.006538,14019,12.595845486989804,16.356318912418327,,,,,,,,,,,,,
799,0.006546,14003,1.3704393473320728,18.28252282010986,,,,,,,,,,,,,
800,0.006554,13923,-17.381087381327102,20.088982441439047,,,,,,,,,,,,,
801,0.006562,13923,23.902188640316517,25.06588291996369,,,,,,,,,,,,,
802,0.006571,13859,-10.201775805291224,30.988735539597066,,,,,,,,,,,,,
803,0.006579,13827,-17.89616616048893,32.628160768715844,,,,,,,,,,,,,
804,0.006587,13859,34.709338151017626,34.77379546759336,,,,,,,,,,,,,
805,0.006595,13747,-18.74220977449077,36.24094603947336,,,,,,,,,,,,,
806,0.006603,13731,-18.964294512649047,36.53754945242206,,,,,,,,,,,,,
807,0.006611,13779,40.56417683878433,40.56420869522269,,,,,,,,,,,,,
808,0.00662,13651,-21.836169456447262,43.838166148632084,,,,,,,,,,,,,
809,0.006628,13635,-18.673801762631346,41.635839878472076,,,,,,,,,,,,,
810,0.006636,13667,38.89197468987753,39.24487687763926,,,,,,,,,,,,,
811,0.006644,13587,-19.80030560362955,35.465632751332954,,,,,,,,,,,,,
812,0.006652,13555,-15.420169056947543,30.594917022509097,,,,,,,,,,,,,
813,0.006661,13555,30.266567046759512,30.267221916284292,,,,,,,,,,,,,
814,0.006669,13491,-14.796260490125954,29.605599534828936,,,,,,,,,,,,,
815,0.006677,13459,-9.241443915805837,23.67578183127136,,,,,,,,,,,,,
816,0.006685,13427,17.750983734878744,18.829325637575838,,,,,,,,,,,,,
817,0.006693,13395,-9.030646341868888,12.450996665203839,,,,,,,,,,,,,
818,0.006702,13363,-1.9012885851809094,5.675948994638067,,,,,,,,,,,,,
819,0.00671,13363,4.927932105634179,5.182786725612204,,,,,,,,,,,,,
820,0.006718,13315,-3.512738652402459,4.822855716667955,,,,,,,,,,,,,
821,0.006726,13299,4.287999619729761,4.468065342362133,,,,,,,,,,,,,
822,0.006734,13219,-5.8665474309908845,9.57404307188862,,,,,,,,,,,,,
823,0.006743,13219,1.8575525516698703,11.111880566701451,,,,,,,,,,,,,
824,0.006751,13187,7.906894433568168,15.360651784338561,,,,,,,,,,,,,
825,0.006759,13187,-14.00373899518056,14.00399190204126,,,,,,,,,,,,,
826,0.006767,13123,7.2806982033779,12.354342324047003,,,,,,,,,,,,,
827,0.006775,13091,9.06457615054886,16.486013283254795,,,,,,,,,,,,,
828,0.006784,13027,-19.774569844865646,20.11621133660518,,,,,,,,,,,,,
829,0.006792,13043,12.189704610763167,22.909964295605377,,,,,,,,,,,,,
830,0.0068,13027,8.909981502471963,26.97225691162288,,,,,,,,,,,,,
831,0.006808,12963,-23.332117729466002,23.930032066579248,,,,,,,,,,,,,
832,0.006816,12963,15.296871533980294,20.736906567697456,,,,,,,,,,,,,
833,0.006824,12931,8.60636031919397,22.756843073060857,,,,,,,,,,,,,
834,0.006833,12851,-24.331389492379362,24.34549812694611,,,,,,,,,,,,,
835,0.006841,12883,15.429405568785105,25.99121599444574,,,,,,,,,,,,,
836,0.006849,12835,8.6329703094595,28.443508056653293,,,,,,,,,,,,,
837,0.006857,12771,-22.417683767514855,22.978124436798453,,,,,,,,,,,,,
838,0.006865,12787,12.413115279922005,17.309000169492585,,,,,,,,,,,,,
839,0.006874,12739,8.804951902302003,17.77572120611117,,,,,,,,,,,,,
840,0.006882,12691,-17.98286539758188,18.705619461466906,,,,,,,,,,,,,
841,0.00689,12675,7.341931803928406,18.21662797557168,,,,,,,,,,,,,
842,0.006898,12675,8.79453016679287,19.049320021765954,,,,,,,,,,,,,
843,0.006906,12627,-12.472690633484579,12.487149652629391,,,,,,,,,,,,,
844,0.006915,12611,2.0725162183771797,6.0072833066709475,,,,,,,,,,,,,
845,0.006923,12579,8.624595936678755,9.241000579847887,,,,,,,,,,,,,
846,0.006931,12531,-7.930090375553583,13.604845226888767,,,,,,,,,,,,,
847,0.006939,12515,-1.6793334244159237,11.513684404323717,,,,,,,,,,,,,
848,0.006947,12483,8.737978657254981,11.899635238282901,,,,,,,,,,,,,
849,0.006956,12451,-6.057038255824258,7.474550262368932,,,,,,,,,,,,,
850,0.006964,12435,-3.0843060120740917,4.266599848232001,,,,,,,,,,,,,
851,0.006972,12435,9.665837115124699,9.67592238752953,,,,,,,,,,,,,
852,0.00698,12387,-7.371038257867757,15.463897775392875,,,,,,,,,,,,,
853,0.006988,12339,-2.462701866574163,13.870603525369887,,,,,,,,,,,,,
854,0.006997,12323,11.583611160977156,15.681266970111036,,,,,,,,,,,,,
855,0.007005,12291,-10.882847039872662,12.156233601155526,,,,,,,,,,,,,
856,0.007013,12274,-1.0124915266972994,8.408370890305786,,,,,,,,,,,,,
857,0.007021,12274,14.007505903232975,14.792231006070502,,,,,,,,,,,,,
858,0.007029,12210,-14.461151577154954,20.918592431921013,,,,,,,,,,,,,
859,0.007038,12210,-0.11597893800836429,20.37662844620636,,,,,,,,,,,,,
860,0.007046,12210,15.820633744424175,22.198509956900445,,,,,,,,,,,,,
861,0.007054,12130,-15.796383678142423,17.14762376626821,,,,,,,,,,,,,
862,0.007062,12130,-0.5750242933727556,11.516737052630202,,,,,,,,,,,,,
863,0.00707,12098,15.728808769266319,16.532037646537262,,,,,,,,,,,,,
864,0.007078,12050,-13.513493096813061,21.29433616411812,,,,,,,,,,,,,
865,0.007087,12034,-2.249799428508344,18.073758713138965,,,,,,,,,,,,,
866,0.007095,12018,12.953553550784981,17.0021467837443,,,,,,,,,,,,,
867,0.007103,11970,-7.8007202206770145,9.722957089965961,,,,,,,,,,,,,
868,0.007111,11938,-4.309110706705057,4.610786252714099,,,,,,,,,,,,,
869,0.007119,11922,7.735690226769788,8.78718951017601,,,,,,,,,,,,,
870,0.007128,11858,-0.20227918425817823,13.586698021558467,,,,,,,,,,,,,
871,0.007136,11826,-5.877132678060258,6.911317113366,,,,,,,,,,,,,
872,0.007144,11794,1.3085087210497583,1.5828268897672768,,,,,,,,,,,,,
873,0.007152,11826,7.263712310964715,7.266281297787469,,,,,,,,,,,,,
874,0.00716,11746,-6.60437342968308,15.943857743279747,,,,,,,,,,,,,
875,0.007169,11730,-4.686259058896496,14.333769561585017,,,,,,,,,,,,,
876,0.007177,11698,13.080805376603834,15.220301392298135,,,,,,,,,,,,,
877,0.007185,11682,-6.7478828698004945,11.829821271680453,,,,,,,,,,,,,
878,0.007193,11650,-8.973323736826252,10.417708174621922,,,,,,,,,,,,,
879,0.007201,11634,16.671817489008266,17.417382888357064,,,,,,,,,,,,,
880,0.00721,11570,-6.772293426147908,24.91130249341608,,,,,,,,,,,,,
881,0.007218,11538,-11.069752547742334,20.72203566575667,,,,,,,,,,,,,
882,0.007226,11538,18.15505006762774,18.931257952096978,,,,,,,,,,,,,
883,0.007234,11490,-6.90590827670626,15.387127728778577,,,,,,,,,,,,,
884,0.007242,11458,-11.174943581505731,12.889006074382582,,,,,,,,,,,,,
885,0.007251,11458,17.844587558094304,18.704542637738687,,,,,,,,,,,,,
886,0.007259,11394,-6.985841548808327,25.21326671208419,,,,,,,,,,,,,
887,0.007267,11378,-9.816212457675265,19.711727340620698,,,,,,,,,,,,,
888,0.007275,11378,15.93349977030807,17.388751544471038,,,,,,,,,,,,,
889,0.007283,11346,-6.5685378014659515,11.956255364796993,,,,,,,,,,,,,
890,0.007291,11298,-7.560847958478632,8.177945822160993,,,,,,,,,,,,,
891,0.0073,11282,12.462264112195466,13.10825471258824,,,,,,,,,,,,,
892,0.007308,11266,-5.179094499092233,18.96137665247929,,,,,,,,,,,,,
893,0.007316,11218,-4.8434615684120645,12.503527764676846,,,,,,,,,,,,,
894,0.007324,11234,7.484244479382867,11.36026881160933,,,,,,,,,,,,,
895,0.007332,11170,-2.6560725887057806,2.9228363737049223,,,,,,,,,,,,,
896,0.007341,11170,-1.8554935028798996,6.165886926675484,,,,,,,,,,,,,
897,0.007349,11154,1.3557763531749432,4.064717630880335,,,,,,,,,,,,,
898,0.007357,11090,0.5043107768188692,8.343207846177968,,,,,,,,,,,,,
899,0.007365,11090,1.4207010984550688,1.8507440396844612,,,,,,,,,,,,,
900,0.007373,11042,-4.974967869047886,10.452910301295386,,,,,,,,,,,,,
901,0.007382,11042,3.1180461312506362,10.419057470423237,,,,,,,,,,,,,
902,0.00739,11026,4.948772588065254,16.99570049890511,,,,,,,,,,,,,
903,0.007398,10962,-10.00275098981046,10.32344213889783,,,,,,,,,,,,,
904,0.007406,10994,3.841973150969801,4.046883005599292,,,,,,,,,,,,,
905,0.007414,10930,8.364885175991459,9.73420237148143,,,,,,,,,,,,,
906,0.007423,10914,-12.2650578573505,18.03257620225746,,,,,,,,,,,,,
907,0.007431,10898,1.997646983573493,17.098680980407202,,,,,,,,,,,,,
908,0.007439,10882,11.058927905212355,20.27139655092906,,,,,,,,,,,,,
909,0.007447,10850,-11.245282822328633,11.642616520176523,,,,,,,,,,,,,
910,0.007455,10802,-1.9367932075111511,3.8051026649835564,,,,,,,,,,,,,
911,0.007464,10834,12.651065477759387,12.675667482733674,,,,,,,,,,,,,
912,0.007472,10770,-7.926467478053793,21.76550669647654,,,,,,,,,,,,,
913,0.00748,10738,-6.5550996281065546,16.935808246010463,,,,,,,,,,,,,
914,0.007488,10722,13.46721751825517,15.96972975787418,,,,,,,,,,,,,
915,0.007496,10626,-4.513204605698752,10.133740645522073,,,,,,,,,,,,,
916,0.007504,10658,-10.29426097937494,10.295856567653798,,,,,,,,,,,,,
917,0.007513,10642,14.555848528816696,16.965753100784994,,,,,,,,,,,,,
918,0.007521,10642,-3.3991629584189877,26.080789437490353,,,,,,,,,,,,,
919,0.007529,10578,-12.231161750231443,19.95296477630095,,,,,,,,,,,,,
920,0.007537,10562,17.13067845848393,18.119063774964808,,,,,,,,,,,,,
921,0.007545,10546,-5.927694618439638,14.771927940618088,,,,,,,,,,,,,
922,0.007554,10498,-12.43280732629124,13.541971601227182,,,,,,,,,,,,,
923,0.007562,10498,21.732062137699383,22.54212565167768,,,,,,,,,,,,,
924,0.00757,10450,-11.659590809945827,33.33320869353631,,,,,,,,,,,,,
925,0.007578,10386,-11.668224491323599,29.711689767935823,,,,,,,,,,,,,
926,0.007586,10450,27.67470633553337,30.869684012113023,,,,,,,,,,,,,
927,0.007595,10338,-18.6343903943707,26.606085513160505,,,,,,,,,,,,,
928,0.007603,10354,-10.748953804435189,22.084846241045394,,,,,,,,,,,,,
929,0.007611,10386,33.24751661737163,33.34260424766778,,,,,,,,,,,,,
930,0.007619,10274,-24.42988240353576,44.3500102354478,,,,,,,,,,,,,
931,0.007627,10290,-10.03480357971197,41.39958976200274,,,,,,,,,,,,,
932,0.007636,10274,36.541679349048934,42.1250529290217,,,,,,,,,,,,,
933,0.007644,10210,-27.266996775950357,35.140918600370576,,,,,,,,,,,,,
934,0.007652,10210,-9.393464221756775,27.393981067563228,,,,,,,,,,,,,
935,0.00766,10242,36.29731786188177,36.73703033678847,,,,,,,,,,,,,
936,0.007668,10146,-26.522184146025694,45.52188584370979,,,,,,,,,,,,,
937,0.007677,10130,-8.48073292188285,40.07101956452085,,,,,,,,,,,,,
938,0.007685,10130,32.25496557870526,38.4511239196154,,,,,,,,,,,,,
939,0.007693,10098,-22.56504145378724,28.206796467402988,,,,,,,,,,,,,
940,0.007701,10066,-7.018522264898788,17.63373661585987,,,,,,,,,,,,,
941,0.007709,10066,24.966511174478747,25.057665454238446,,,,,,,,,,,,,
942,0.007717,10002,-16.3192148191998,32.28330385257223,,,,,,,,,,,,,
943,0.007726,9986,-4.857530965988182,24.34873351485893,,,,,,,,,,,,,
944,0.007734,10018,15.439117114220467,22.500177551426567,,,,,,,,,,,,,
945,0.007742,9922,-8.995818908221919,9.69676840156072,,,,,,,,,,,,,
946,0.00775,9922,-1.9288021791173704,3.9860064021681936,,,,,,,,,,,,,
947,0.007758,9906,5.002853006224571,5.890467082917051,,,,,,,,,,,,,
948,0.007767,9874,-2.0127537865079117,13.156082164260551,,,,,,,,,,,,,
949,0.007775,9858,1.658895499062953,4.513422094216409,,,,,,,,,,,,,
950,0.007783,9810,-4.679644793974796,13.944910019638934,,,,,,,,,,,,,
951,0.007791,9810,3.2289202093625895,12.34514979595253,,,,,,,,,,,,,
952,0.007799,9794,5.436809649780618,21.51525445620145,,,,,,,,,,,,,
953,0.007808,9746,-11.861260788931208,12.677987970515263,,,,,,,,,,,,,
954,0.007816,9762,5.772202286299241,5.796433796837091,,,,,,,,,,,,,
955,0.007824,9714,8.638147957203499,10.843887356292868,,,,,,,,,,,,,
956,0.007832,9682,-15.28766831746012,21.38970634861693,,,,,,,,,,,,,
957,0.00784,9666,5.422077860088124,20.885096736837497,,,,,,,,,,,,,
958,0.007849,9650,10.585021823435776,26.783472408039458,,,,,,,,,,,,,
959,0.007857,9602,-14.732867517607836,14.79442079102139,,,,,,,,,,,,,
960,0.007865,9554,2.720421201776696,2.971687211991098,,,,,,,,,,,,,
961,0.007873,9586,11.104396515165908,11.405970295604526,,,,,,,,,,,,,
962,0.007881,9522,-11.11978054888753,22.544592954219475,,,,,,,,,,,,,
963,0.00789,9554,-1.3294290091478593,17.3695380831797,,,,,,,,,,,,,
964,0.007898,9506,10.627383279059714,19.525929625367056,,,,,,,,,,,,,
965,0.007906,9474,-6.184417115123607,6.7876688569541095,,,,,,,,,,,,,
966,0.007914,9458,-5.5390704087708365,7.523718955107732,,,,,,,,,,,,,
967,0.007922,9458,9.919787424203067,12.59788816551186,,,,,,,,,,,,,
968,0.007931,9426,-1.9159762731254286,23.982787551643565,,,,,,,,,,,,,
969,0.007939,9394,-8.734180318882586,14.738814330458146,,,,,,,,,,,,,
970,0.007947,9378,9.688294725683884,12.96931975253912,,,,,,,,,,,,,
971,0.007955,9346,0.03616897270620412,5.529730787967791,,,,,,,,,,,,,
972,0.007963,9298,-9.993919141096601,12.970788451078215,,,,,,,,,,,,,
973,0.007971,9298,10.273020823572796,15.312232538867315,,,,,,,,,,,,,
974,0.00798,9266,-1.0918679348676879,25.847573960456895,,,,,,,,,,,,,
975,0.007988,9250,-8.933881274770652,16.199133923373733,,,,,,,,,,,,,
976,0.007996,9250,11.481435731091207,16.323385511293594,,,,,,,,,,,,,
977,0.008004,9234,-4.850228373620074,6.947971234230098,,,,,,,,,,,,,
978,0.008012,9186,-5.858166962293684,6.903743014599858,,,,,,,,,,,,,
979,0.008021,9186,12.608400447819243,13.224281115772884,,,,,,,,,,,,,
980,0.008029,9138,-9.690370180983935,25.704259821956498,,,,,,,,,,,,,
981,0.008037,9122,-1.6507646072579591,20.044605968047257,,,,,,,,,,,,,
982,0.008045,9138,12.699665338080939,25.297473057003444,,,,,,,,,,,,,
983,0.008053,9058,-13.570363308292471,13.573011742453586,,,,,,,,,,,,,
984,0.008062,9074,2.533291236079008,2.5386108667024208,,,,,,,,,,,,,
985,0.00807,9042,11.02234216079292,11.881658931207413,,,,,,,,,,,,,
986,0.008078,8994,-14.786856509237197,23.391697452805037,,,,,,,,,,,,,
987,0.008086,8994,5.576742956117227,20.514901359387164,,,,,,,,,,,,,
988,0.008094,8962,7.525466603762739,27.73833619022393,,,,,,,,,,,,,
989,0.008103,8930,-12.582320199440542,14.21336274814964,,,,,,,,,,,,,
990,0.008111,8914,6.574858957480758,9.136521611903389,,,,,,,,,,,,,
991,0.008119,8882,2.9738797257336014,3.9627305154577495,,,,,,,,,,,,,
992,0.008127,8818,-7.226421826558971,14.884799300166465,,,,,,,,,,,,,
993,0.008135,8786,4.931371604231018,10.510707645031921,,,,,,,,,,,,,
994,0.008144,8754,-1.406558621094003,19.26014254960317,,,,,,,,,,,,,
995,0.008152,8738,0.3567120860111261,9.389284078555058,,,,,,,,,,,,,
996,0.00816,8722,0.5222466078622644,19.82468902114465,,,,,,,,,,,,,
997,0.008168,8674,-4.615699544299461,11.912902799247398,,,,,,,,,,,,,
998,0.008176,8674,9.042399787337118,17.53131419725605,,,,,,,,,,,,,
999,0.008184,8626,-6.012525607617749,7.055210898296099,,,,,,,,,,,,,
1000,0.008193,8594,-6.4586319691905265,7.004175131187946,,,,,,,,,,,,,
1001,0.008201,8610,17.643809765580393,18.202309114516602,,,,,,,,,,,,,
1002,0.008209,8546,-13.04212429895023,34.7046456652735,,,,,,,,,,,,,
1003,0.008217,8530,-7.536460529798649,29.557789644284966,,,,,,,,,,,,,
1004,0.008225,8514,24.699720273185253,32.840322886143916,,,,,,,,,,,,,
1005,0.008234,8434,-18.189249018492514,22.420017038108533,,,,,,,,,,,,,
1006,0.008242,8450,-8.564221512221005,13.43533401016482,,,,,,,,,,,,,
1007,0.00825,8418,28.37032830291643,28.383463145882956,,,,,,,,,,,,,
1008,0.008258,8370,-19.25610182117673,43.136765676658754,,,,,,,,,,,,,
1009,0.008266,8338,-9.555628587039257,35.21177559366977,,,,,,,,,,,,,
1010,0.008275,8354,26.968063364561146,34.3390833042873,,,,,,,,,,,,,
1011,0.008283,8290,-15.451843277987058,20.295157565300947,,,,,,,,,,,,,
1012,0.008291,8242,-9.65154371159926,10.370888925606343,,,,,,,,,,,,,
1013,0.008299,8274,20.07240660606263,21.031228317137774,,,,,,,,,,,,,
1014,0.008307,8194,-8.094392271867704,32.98508486950561,,,,,,,,,,,,,
1015,0.008316,8145,-7.853200826220747,19.556714347469917,,,,,,,,,,,,,
1016,0.008324,8145,9.449055647947779,17.772632823853638,,,,,,,,,,,,,
1017,0.008332,8097,-0.19641692410090622,0.8249849567231315,,,,,,,,,,,,,
1018,0.00834,8081,-4.081383587859811,17.958341888879833,,,,,,,,,,,,,
1019,0.008348,8049,-1.0997825098967084,11.00642051465234,,,,,,,,,,,,,
1020,0.008357,8001,4.892714881451034,16.896692050200063,,,,,,,,,,,,,
1021,0.008365,7985,0.3295679639734044,0.8848030432623405,,,,,,,,,,,,,
1022,0.008373,7921,-7.143319294020065,17.1475676158751,,,,,,,,,,,,,
1023,0.008381,7921,5.04337529028996,14.212851018234556,,,,,,,,,,,,,
1024,0.008389,7889,3.1192413713696348,24.633562934246452,,,,,,,,,,,,,
1025,0.008397,7841,-5.662368654080732,8.995345772157892,,,,,,,,,,,,,
1026,0.008406,7809,0.36169118455117905,14.529120597725516,,,,,,,,,,,,,
1027,0.008414,7777,2.298541457045818,8.797364672296466,,,,,,,,,,,,,
1028,0.008422,7745,3.246207658611589,21.7864760357211,,,,,,,,,,,,,
1029,0.00843,7713,-6.759425861552881,7.453588380413127,,,,,,,,,,,,,
1030,0.008438,7649,-2.544781618091366,7.135971008935664,,,,,,,,,,,,,
1031,0.008447,7633,15.843297873946808,16.37229180409369,,,,,,,,,,,,,
1032,0.008455,7617,-12.677245729224385,36.574699238042164,,,,,,,,,,,,,
1033,0.008463,7585,-9.431222867901246,30.693759548473967,,,,,,,,,,,,,
1034,0.008471,7553,25.887607231238835,33.07582537148809,,,,,,,,,,,,,
1035,0.008479,7457,-14.398355146553419,21.239601063786615,,,,,,,,,,,,,
1036,0.008488,7441,-14.219316011928893,15.116548366631314,,,,,,,,,,,,,
1037,0.008496,7505,27.381912912420386,28.797325325492366,,,,,,,,,,,,,
1038,0.008504,7361,-11.494328854417663,43.512246415977806,,,,,,,,,,,,,
1039,0.008512,7329,-12.314116932540635,29.28058909298718,,,,,,,,,,,,,
1040,0.00852,7297,17.888670033221604,25.796559210118456,,,,,,,,,,,,,
1041,0.008529,7249,-6.603643081521657,7.126370863561794,,,,,,,,,,,,,
1042,0.008537,7201,-1.4724693906157995,12.802381551200453,,,,,,,,,,,,,
1043,0.008545,7185,0.361269220087929,3.5196481090513636,,,,,,,,,,,,,
1044,0.008553,7153,-3.6923246051859855,11.241537593438704,,,,,,,,,,,,,
1045,0.008561,7089,16.023619008403198,16.346675735638524,,,,,,,,,,,,,
1046,0.00857,7025,-18.14078276905027,39.62951698265891,,,,,,,,,,,,,
1047,0.008578,6977,-5.111742931250299,38.39511634244716,,,,,,,,,,,,,
1048,0.008586,7009,33.74931531496066,46.631469421802876,,,,,,,,,,,,,
1049,0.008594,6865,-30.33607086579475,35.478934285907854,,,,,,,,,,,,,
1050,0.008602,6865,-9.72345787685238,24.522948651571397,,,,,,,,,,,,,
1051,0.00861,6913,44.32182148026582,44.505007511180686,,,,,,,,,,,,,
1052,0.008619,6737,-32.68861295689377,63.13743552831864,,,,,,,,,,,,,
1053,0.008627,6737,-13.631037096636057,54.460585574006025,,,,,,,,,,,,,
1054,0.008635,6721,43.47932181468535,52.575405834249224,,,,,,,,,,,,,
1055,0.008643,6625,-26.84581627583578,35.27006573816817,,,,,,,,,,,,,
1056,0.008651,6593,-13.01160683771324,19.303729165873566,,,,,,,,,,,,,
1057,0.00866,6561,32.35889334352924,32.52943164644191,,,,,,,,,,,,,
1058,0.008668,6513,-17.805192963156276,45.84650156446692,,,,,,,,,,,,,
1059,0.008676,6417,-6.922022011302387,30.85894854306419,,,,,,,,,,,,,
1060,0.008684,6417,16.537206657363853,30.888709695297322,,,,,,,,,,,,,
1061,0.008692,6337,-10.360457512266336,10.49314987744293,,,,,,,,,,,,,
1062,0.008701,6305,1.9327176720412682,12.687574890411561,,,,,,,,,,,,,
1063,0.008709,6273,2.633660476280329,3.300908475447022,,,,,,,,,,,,,
1064,0.008717,6193,-6.320346811383033,18.220480106659934,,,,,,,,,,,,,
1065,0.008725,6193,8.907694950189953,13.581970556337255,,,,,,,,,,,,,
1066,0.008733,6097,-5.260817726806197,30.870570805184606,,,,,,,,,,,,,
1067,0.008742,6049,-4.133285624223736,19.3769177422562,,,,,,,,,,,,,
1068,0.00875,6017,10.354137294492633,26.288368275159716,,,,,,,,,,,,,
1069,0.008758,5921,-7.228005908594511,7.63358880345006,,,,,,,,,,,,,
1070,0.008766,5921,-0.8003808063626187,13.547082748395605,,,,,,,,,,,,,
1071,0.008774,5857,5.857457292122859,7.554959119577454,,,,,,,,,,,,,
1072,0.008783,5825,-6.526475405989226,23.542300526949138,,,,,,,,,,,,,
1073,0.008791,5761,5.43355879060799,14.607810463411534,,,,,,,,,,,,,
1074,0.008799,5697,-1.5756958367715277,30.97610729866918,,,,,,,,,,,,,
1075,0.008807,5681,-6.851177942192352,19.148618357929944,,,,,,,,,,,,,
1076,0.008815,5617,13.446041240146144,25.617292949895386,,,,,,,,,,,,,
1077,0.008824,5569,-7.42478907545396,8.749303068283325,,,,,,,,,,,,,
1078,0.008832,5521,-9.70730696218253,12.370483439375588,,,,,,,,,,,,,
1079,0.00884,5489,19.737179877883626,22.552675263384486,,,,,,,,,,,,,
1080,0.008848,5425,-8.40969012563921,43.107915190062236,,,,,,,,,,,,,
1081,0.008856,5345,-13.599930173491336,29.511171486106843,,,,,,,,,,,,,
1082,0.008864,5361,20.719090236238127,27.74096913857117,,,,,,,,,,,,,
1083,0.008873,5281,-4.3154559452239,11.226384278180202,,,,,,,,,,,,,
1084,0.008881,5185,-15.468726610723056,19.598748293841414,,,,,,,,,,,,,
1085,0.008889,5201,15.205904706464484,24.022256991947508,,,,,,,,,,,,,
1086,0.008897,5105,2.229714059917121,39.19469602772166,,,,,,,,,,,,,
1087,0.008905,5057,-13.206873777930747,18.203611723224697,,,,,,,,,,,,,
1088,0.008914,5025,5.3659874731696995,14.714680870176815,,,,,,,,,,,,,
1089,0.008922,4977,7.715247832515604,8.427366947753521,,,,,,,,,,,,,
1090,0.00893,4929,-7.379254717340177,31.0151282889304,,,,,,,,,,,,,
1091,0.008938,4865,-4.508440307644657,19.121066936625347,,,,,,,,,,,,,
1092,0.008946,4849,10.001119360190936,24.121639314155857,,,,,,,,,,,,,
1093,0.008955,4785,-0.9278127209540249,1.2904807970088283,,,,,,,,,,,,,
1094,0.008963,4705,-10.547151381688735,22.026781643723076,,,,,,,,,,,,,
1095,0.008971,4689,9.35480090274321,20.2787968903436,,,,,,,,,,,,,
1096,0.008979,4641,2.861304070309731,36.69805769259447,,,,,,,,,,,,,
1097,0.008987,4561,-11.452428497839238,17.495162286723517,,,,,,,,,,,,,
1098,0.008996,4545,7.713006692291185,18.5888488844932,,,,,,,,,,,,,
1099,0.009004,4481,2.6461224277861457,2.686642721854711,,,,,,,,,,,,,
1100,0.009012,4465,-8.888408142404609,23.93132467672289,,,,,,,,,,,,,
1101,0.00902,4401,6.876557714043136,17.001999998591923,,,,,,,,,,,,,
1102,0.009028,4369,-0.053024258674363216,33.30001275123723,,,,,,,,,,,,,
1103,0.009037,4321,-6.012236772546218,16.29911164585481,,,,,,,,,,,,,
1104,0.009045,4273,7.069957471161106,24.424960443035143,,,,,,,,,,,,,
1105,0.009053,4241,-1.91761836677672,4.018296995756985,,,,,,,,,,,,,
1106,0.009061,4145,-5.322532268972698,21.350558966885117,,,,,,,,,,,,,
1107,0.009069,4161,6.916904278261555,15.070001694287718,,,,,,,,,,,,,
1108,0.009077,4048,-0.06785341527084879,33.48143310422653,,,,,,,,,,,,,
1109,0.009086,4016,-7.304012657841783,15.157999926175163,,,,,,,,,,,,,
1110,0.009094,3968,4.721228036945981,19.916219264789444,,,,,,,,,,,,,
1111,0.009102,3904,6.0715520796914975,7.02121129388838,,,,,,,,,,,,,
1112,0.00911,3872,-10.575155568345487,32.29113087023425,,,,,,,,,,,,,
1113,0.009118,3824,-0.003982273764891561,24.441579844362476,,,,,,,,,,,,,
1114,0.009127,3792,14.42896481299075,35.82289831773343,,,,,,,,,,,,,
1115,0.009135,3728,-13.167409842744897,13.206755552762907,,,,,,,,,,,,,
1116,0.009143,3648,-5.884740599474243,9.76082874189002,,,,,,,,,,,,,
1117,0.009151,3696,21.55411616706412,22.86749703790094,,,,,,,,,,,,,
1118,0.009159,3552,-13.928112769063496,47.87645449537367,,,,,,,,,,,,,
1119,0.009168,3536,-10.347062752371512,34.789818358883466,,,,,,,,,,,,,
1120,0.009176,3520,24.57876241921334,37.846768820429496,,,,,,,,,,,,,
1121,0.009184,3424,-13.105210296062342,16.039622620263806,,,,,,,,,,,,,
1122,0.009192,3392,-11.105313164910514,12.907167300696509,,,,,,,,,,,,,
1123,0.0092,3344,22.593850476839428,24.88566975435645,,,,,,,,,,,,,
1124,0.009209,3280,-11.84689819376602,46.752822787968384,,,,,,,,,,,,,
1125,0.009217,3264,-7.453735016634003,30.164226192369846,,,,,,,,,,,,,
1126,0.009225,3232,16.711913247811463,35.64214823438542,,,,,,,,,,,,,
1127,0.009233,3200,-11.15437341159193,11.282918614737971,,,,,,,,,,,,,
1128,0.009241,3136,-0.5846923024071108,15.187147055038547,,,,,,,,,,,,,
1129,0.00925,3120,9.073570049231751,10.016919524453758,,,,,,,,,,,,,
1130,0.009258,3072,-11.109511772548004,31.665510130262682,,,,,,,,,,,,,
1131,0.009266,3040,7.099977321929372,21.825587771946505,,,,,,,,,,,,,
1132,0.009274,3008,1.641304111933597,40.63754995079122,,,,,,,,,,,,,
1133,0.009282,2928,-10.864228522976033,21.839342432761224,,,,,,,,,,,,,
1134,0.00929,2928,13.154086751277976,27.782970456924808,,,,,,,,,,,,,
1135,0.009299,2880,-4.479165714924442,4.928626078623399,,,,,,,,,,,,,
1136,0.009307,2816,-9.323848982256207,19.210720160751798,,,,,,,,,,,,,
1137,0.009315,2832,16.06087475723457,20.446139573612722,,,,,,,,,,,,,
1138,0.009323,2768,-8.958022528523422,44.055389894656486,,,,,,,,,,,,,
1139,0.009331,2768,-6.0103460919593275,28.07388849735846,,,,,,,,,,,,,
1140,0.00934,2752,15.587105455430258,36.938750952612345,,,,,,,,,,,,,
1141,0.009348,2672,-11.721342645711552,11.908291655871277,,,,,,,,,,,,,
1142,0.009356,2672,-1.5425838733367103,15.110432246239174,,,,,,,,,,,,,
1143,0.009364,2624,12.543543323921071,13.635955123426104,,,,,,,,,,,,,
1144,0.009372,2576,-12.49230023782318,38.095421146686455,,,,,,,,,,,,,
1145,0.009381,2544,2.4788001180225527,25.419127072425464,,,,,,,,,,,,,
1146,0.009389,2512,8.233802050653257,40.05279836103246,,,,,,,,,,,,,
1147,0.009397,2496,-10.668008929340344,15.412604433427683,,,,,,,,,,,,,
1148,0.009405,2432,4.107149572126026,22.73807504337759,,,,,,,,,,,,,
1149,0.009413,2448,3.8243448816082415,7.272937737054259,,,,,,,,,,,,,
1150,0.009422,2400,-5.618666850109812,31.160397010136958,,,,,,,,,,,,,
1151,0.00943,2368,2.0590663614154905,15.59258249630162,,,,,,,,,,,,,
1152,0.009438,2352,-0.11844176293994758,31.913973111863147,,,,,,,,,,,,,
1153,0.009446,2288,2.5588138237996962,13.356754357445736,,,,,,,,,,,,,
1154,0.009454,2336,-3.2731837329222397,36.474028950557134,,,,,,,,,,,,,
1155,0.009463,2256,-3.5468070222174974,21.77270547044969,,,,,,,,,,,,,
1156,0.009471,2240,12.108756389832493,35.71424352140904,,,,,,,,,,,,,
1157,0.009479,2208,-9.566942066384001,9.682152750065944,,,,,,,,,,,,,
1158,0.009487,2160,-6.146959917275108,16.67971793034037,,,,,,,,,,,,,
1159,0.009495,2192,19.34865413641654,21.719806922909484,,,,,,,,,,,,,
1160,0.009503,2112,-13.720551061800544,50.03978465228813,,,,,,,,,,,,,
1161,0.009512,2144,-6.457602146349156,34.30973955882845,,,,,,,,,,,,,
1162,0.00952,2128,19.956798205393333,42.65345453301711,,,,,,,,,,,,,
1163,0.009528,2016,-13.982820238013062,14.001290350618618,,,,,,,,,,,,,
1164,0.009536,2000,-2.052035507942772,16.533736366274304,,,,,,,,,,,,,
1165,0.009544,2016,11.592765248308437,13.102898675797192,,,,,,,,,,,,,
1166,0.009553,1952,-11.421099360425904,36.55472649964659,,,,,,,,,,,,,
1167,0.009561,1968,8.719737001677029,22.66948455901329,,,,,,,,,,,,,
1168,0.009569,1920,-3.8986037924210444,47.14846133482156,,,,,,,,,,,,,
1169,0.009577,1920,-9.236986630935323,31.892812321793546,,,,,,,,,,,,,
1170,0.009585,1888,24.543345722789677,44.75613001786146,,,,,,,,,,,,,
1171,0.009594,1824,-20.70981164004823,22.496010021491664,,,,,,,,,,,,,
1172,0.009602,1840,-10.211030133643588,10.270638603144285,,,,,,,,,,,,,
1173,0.00961,1856,40.55015474937467,40.73711024792235,,,,,,,,,,,,,
1174,0.009618,1776,-32.051671582133345,74.83214382976021,,,,,,,,,,,,,
1175,0.009626,1776,-14.337644655388262,63.294169978493315,,,,,,,,,,,,,
1176,0.009635,1840,50.384352806972686,67.79069578994549,,,,,,,,,,,,,
1177,0.009643,1712,-33.980478912106726,42.36741231396493,,,,,,,,,,,,,
1178,0.009651,1696,-18.684026845189056,22.98533934797418,,,,,,,,,,,,,
1179,0.009659,1776,49.81192007501004,50.51070221946067,,,,,,,,,,,,,
1180,0.009667,1664,-27.38276590811393,78.93704683522213,,,,,,,,,,,,,
1181,0.009676,1632,-19.656798802779193,57.289274716299964,,,,,,,,,,,,,
1182,0.009684,1696,39.31930248513379,53.64020897200264,,,,,,,,,,,,,
1183,0.009692,1600,-16.789289517476192,22.619412811411554,,,,,,,,,,,,,
1184,0.0097,1600,-15.8370217597023,19.537030494426745,,,,,,,,,,,,,
1185,0.009708,1600,23.73775172588285,29.27782147048006,,,,,,,,,,,,,
1186,0.009717,1568,-7.059758071466367,53.96687608252797,,,,,,,,,,,,,
1187,0.009725,1568,-9.083324716946295,27.113150640462663,,,,,,,,,,,,,
1188,0.009733,1520,9.13162206738249,35.140452246717295,,,,,,,,,,,,,
1189,0.009741,1552,-0.4659389409230251,9.469474757486138,,,,,,,,,,,,,
1190,0.009749,1520,-3.05868291623901,36.50139701718123,,,,,,,,,,,,,
1191,0.009757,1472,-0.7633325324604289,17.8477764958128,,,,,,,,,,,,,
1192,0.009766,1488,3.81079833354972,36.18836546409209,,,,,,,,,,,,,
1193,0.009774,1456,-0.4373828356504003,9.89547691279165,,,,,,,,,,,,,
1194,0.009782,1488,-6.0140930703337965,34.12387869591514,,,,,,,,,,,,,
1195,0.00979,1440,7.7630089031953595,20.901291323908087,,,,,,,,,,,,,
1196,0.009798,1392,-1.0623532848004889,47.84742016074781,,,,,,,,,,,,,
1197,0.009807,1424,-9.078700789664408,24.590807036583556,,,,,,,,,,,,,
1198,0.009815,1392,12.109607382976494,35.6894402979124,,,,,,,,,,,,,
1199,0.009823,1392,-2.433061359297802,3.0240349191575,,,,,,,,,,,,,
1200,0.009831,1360,-12.026461851916542,31.028006100807417,,,,,,,,,,,,,
1201,0.009839,1360,15.424975290216528,27.035860018872313,,,,,,,,,,,,,
1202,0.009848,1360,-1.904067643946446,56.11390094762261,,,,,,,,,,,,,
1203,0.009856,1312,-14.790429616148005,29.923215928512946,,,,,,,,,,,,,
1204,0.009864,1344,15.407274969392176,34.00270808489101,,,,,,,,,,,,,
1205,0.009872,1328,1.279178541130093,1.6520893676544628,,,,,,,,,,,,,
1206,0.00988,1280,-15.673244507277415,37.088806532904144,,,,,,,,,,,,,
1207,0.009889,1328,11.100560612518413,29.863478829778437,,,,,,,,,,,,,
1208,0.009897,1280,5.581617352833055,53.72044992365547,,,,,,,,,,,,,
1209,0.009905,1232,-13.435674467447559,21.285172973533285,,,,,,,,,,,,,
1210,0.009913,1296,4.254923934051534,29.03902861705564,,,,,,,,,,,,,
1211,0.009921,1248,8.586764051229842,12.784897705172378,,,,,,,,,,,,,
1212,0.00993,1232,-9.14544809916363,46.65581482068639,,,,,,,,,,,,,
1213,0.009938,1216,-1.387709446444834,26.781419891923484,,,,,,,,,,,,,
1214,0.009946,1248,9.10923907835738,44.43443197114422,,,,,,,,,,,,,
1215,0.009954,1232,-6.08659998603414,12.02017672577809,,,,,,,,,,,,,
1216,0.009962,1184,-2.600926031369,33.06703006934575,,,,,,,,,,,,,
1217,0.00997,1200,8.272898724760863,16.80358830139544,,,,,,,,,,,,,
1218,0.009979,1232,-7.452517165697165,47.37450158350243,,,,,,,,,,,,,
1219,0.009987,1168,0.8987419061042203,27.357730195322524,,,,,,,,,,,,,
1220,0.009995,1200,8.460813492225553,50.775300339748405,,,,,,,,,,,,,
1221,0.010003,1152,-13.53300748638881,20.15644286296896,,,,,,,,,,,,,
1222,0.010011,1200,6.2192409572491485,28.185866069172157,,,,,,,,,,,,,
1223,0.01002,1184,10.907625850271629,11.196148206991735,,,,,,,,,,,,,
1224,0.010028,1120,-20.896760734212766,49.36108247541747,,,,,,,,,,,,,
1225,0.010036,1200,9.571471193771641,39.79275505332334,,,,,,,,,,,,,
1226,0.010044,1168,14.155852365392132,64.38042526905454,,,,,,,,,,,,,
1227,0.010052,1120,-24.52436957407349,28.77679538790343,,,,,,,,,,,,,
1228,0.010061,1168,9.098087641628677,22.810855063222863,,,,,,,,,,,,,
1229,0.010069,1152,14.94816238891666,14.94855731466813,,,,,,,,,,,,,
1230,0.010077,1120,-21.276198574832932,52.6512463804389,,,,,,,,,,,,,
1231,0.010085,1104,5.872001505118315,37.05189025016863,,,,,,,,,,,,,
1232,0.010093,1136,10.909194401378281,57.182197423485555,,,,,,,,,,,,,
1233,0.010102,1104,-11.980722519341096,19.706952462777863,,,,,,,,,,,,,
1234,0.01011,1072,2.445605455313389,36.93251660803567,,,,,,,,,,,,,
1235,0.010118,1088,2.7653269013924797,15.53515425842852,,,,,,,,,,,,,
1236,0.010126,1040,-0.6780330753136832,44.63076791315313,,,,,,,,,,,,,
1237,0.010134,1056,0.4430856717491086,15.520635277549465,,,,,,,,,,,,,
1238,0.010143,1024,-5.75222694384585,42.875849269255596,,,,,,,,,,,,,
1239,0.010151,1040,8.185752111980323,24.84900115462979,,,,,,,,,,,,,
1240,0.010159,1024,-0.708186075758892,57.47914448278775,,,,,,,,,,,,,
1241,0.010167,992,-10.302376315957414,28.57247305851524,,,,,,,,,,,,,
1242,0.010175,1024,12.459711119028663,43.53272356757307,,,,,,,,,,,,,
1243,0.010183,1008,-2.967505219977019,6.880037081017257,,,,,,,,,,,,,
1244,0.010192,960,-8.88431859903808,38.09257623846247,,,,,,,,,,,,,
1245,0.0102,992,13.078453163375427,24.318857297146096,,,,,,,,,,,,,
1246,0.010208,976,-7.576639647894994,58.557173033461126,,,,,,,,,,,,,
1247,0.010216,960,-3.224172990349356,32.84137808576768,,,,,,,,,,,,,
1248,0.010224,992,12.626618666481372,55.443911985424535,,,,,,,,,,,,,
1249,0.010233,928,-13.437341881387647,18.844942582307176,,,,,,,,,,,,,
1250,0.010241,976,2.4230379189365188,32.445207324029006,,,,,,,,,,,,,
1251,0.010249,960,12.934572170999422,15.547107545708508,,,,,,,,,,,,,
1252,0.010257,928,-17.38249016205954,56.84681124418827,,,,,,,,,,,,,
1253,0.010265,992,4.229693455509623,38.61634679580067,,,,,,,,,,,,,
1254,0.010274,960,13.591495124327473,63.0326939467326,,,,,,,,,,,,,
1255,0.010282,928,-16.281196141896153,21.725049506602595,,,,,,,,,,,,,
1256,0.01029,944,1.3835604328312145,33.88011657166864,,,,,,,,,,,,,
1257,0.010298,928,12.486300438280445,18.65856771589328,,,,,,,,,,,,,
1258,0.010306,912,-9.452392193427556,58.81515442779289,,,,,,,,,,,,,
1259,0.010315,896,-3.5517816778848412,30.535743132718892,,,,,,,,,,,,,
1260,0.010323,928,7.8937239560441395,50.31882090965889,,,,,,,,,,,,,
1261,0.010331,928,0.4388874623447393,14.50867461343445,,,,,,,,,,,,,
1262,0.010339,880,-6.693489615394998,52.128378396564756,,,,,,,,,,,,,
1263,0.010347,912,0.4229797107777445,29.11432754080503,,,,,,,,,,,,,
1264,0.010356,928,8.71059528479262,55.078579493107405,,,,,,,,,,,,,
1265,0.010364,896,-5.689439747445141,14.202774485607817,,,,,,,,,,,,,
1266,0.010372,896,-6.735022390465147,43.89942590456797,,,,,,,,,,,,,
1267,0.01038,928,11.259690593882407,27.41037683651852,,,,,,,,,,,,,
1268,0.010388,896,-1.213986465517224,64.38493809070516,,,,,,,,,,,,,
1269,0.010396,928,-9.498380795364787,28.550909614835515,,,,,,,,,,,,,
1270,0.010405,880,6.617466795097999,47.48168742081427,,,,,,,,,,,,,
1271,0.010413,912,3.8693714159652757,16.331403828483218,,,,,,,,,,,,,
1272,0.010421,880,-5.355785449586045,57.191488893130206,,,,,,,,,,,,,
1273,0.010429,848,-3.716400814652157,27.802511883081348,,,,,,,,,,,,,
1274,0.010437,912,6.855043221607283,49.944530517353876,,,,,,,,,,,,,
1275,0.010446,864,4.9520652340558255,12.61269278768282,,,,,,,,,,,,,
1276,0.010454,864,-16.46684298224613,58.58471385935619,,,,,,,,,,,,,
1277,0.010462,912,7.272145922496585,43.28738109271609,,,,,,,,,,,,,
1278,0.01047,864,17.436657520075403,76.11623745958241,,,,,,,,,,,,,
1279,0.010478,864,-28.237429465018955,32.06770740806677,,,,,,,,,,,,,
1280,0.010487,864,7.298387912334864,25.269913337985805,,,,,,,,,,,,,
1281,0.010495,896,26.49432912563914,26.506416196733102,,,,,,,,,,,,,
1282,0.010503,880,-36.651498904733245,77.20302177787416,,,,,,,,,,,,,
1283,0.010511,848,10.32668346648267,63.1106953027793,,,,,,,,,,,,,
1284,0.010519,896,27.3590828149278,91.9182575563879,,,,,,,,,,,,,
1285,0.010528,848,-40.67765609993642,44.55185859574216,,,,,,,,,,,,,
1286,0.010536,816,18.68787409183625,28.53825856042958,,,,,,,,,,,,,
1287,0.010544,864,18.275795635907347,22.114560744194833,,,,,,,,,,,,,
1288,0.010552,640,-40.45345517728238,64.95256063797629,,,,,,,,,,,,,
1289,0.01056,848,31.935883620834247,60.87219218741754,,,,,,,,,,,,,
1290,0.010569,832,1.5025868177449913,102.92771434840161,,,,,,,,,,,,,
1291,0.010577,800,-36.95670883274153,63.63100134223432,,,,,,,,,,,,,
1292,0.010585,864,46.55789284100259,65.60334432710108,,,,,,,,,,,,,
1293,0.010593,784,-17.374171311907958,29.282570733493685,,,,,,,,,,,,,
1294,0.010601,800,-31.48201832939247,35.336835305080555,,,,,,,,,,,,,
1295,0.01061,912,57.26019640695951,62.994610761820574,,,,,,,,,,,,,
1296,0.010618,768,-31.85577148035344,115.7438248612817,,,,,,,,,,,,,
1297,0.010626,800,-25.004684646726027,84.1324602861567,,,,,,,,,,,,,
1298,0.010634,880,59.4985502204254,92.05247060466232,,,,,,,,,,,,,
1299,0.010642,752,-37.64108187290171,42.3165696116631,,,,,,,,,,,,,
1300,0.01065,784,-18.042255122001244,20.221959340224892,,,,,,,,,,,,,
1301,0.010659,864,52.076605144158584,54.00522004443029,,,,,,,,,,,,,
1302,0.010667,768,-34.45750314330548,104.75412958602702,,,,,,,,,,,,,
1303,0.010675,800,-11.231320171412145,70.73339958949735,,,,,,,,,,,,,
1304,0.010683,832,38.01332921371251,84.61040245317459,,,,,,,,,,,,,
1305,0.010691,784,-25.411423926772624,25.672039414082054,,,,,,,,,,,,,
1306,0.0107,784,-5.830530272576319,36.904020458855484,,,,,,,,,,,,,
1307,0.010708,784,22.791837532699148,29.87212495924709,,,,,,,,,,,,,
1308,0.010716,784,-14.61028606215205,79.86373596876673,,,,,,,,,,,,,
1309,0.010724,800,-3.241946056126731,42.37763700691233,,,,,,,,,,,,,
1310,0.010732,784,11.071850328789067,70.22434190009257,,,,,,,,,,,,,
1311,0.010741,784,-5.010306024148619,21.70025026792315,,,,,,,,,,,,,
1312,0.010749,784,-3.699007391806225,62.604259256902736,,,,,,,,,,,,,
1313,0.010757,768,4.222713504732529,30.905458588867766,,,,,,,,,,,,,
1314,0.010765,768,2.1211382696353804,72.56937312047818,,,,,,,,,,,,,
1315,0.010773,736,-5.404329920033865,27.635317781953905,,,,,,,,,,,,,
1316,0.010782,784,0.41224067064689185,62.581906845730614,,,,,,,,,,,,,
1317,0.01079,768,6.402301979866797,26.675430769603004,,,,,,,,,,,,,
1318,0.010798,752,-5.312609934959205,75.16061331298219,,,,,,,,,,,,,
1319,0.010806,784,-3.0916275767034693,36.20539015431036,,,,,,,,,,,,,
1320,0.010814,768,7.567299658994414,70.26293235103918,,,,,,,,,,,,,
1321,0.010823,736,-1.307534103019994,21.940789176121065,,,,,,,,,,,,,
1322,0.010831,752,-7.465082240041712,68.61739870123736,,,,,,,,,,,,,
1323,0.010839,768,5.651989864420754,37.4144414667083,,,,,,,,,,,,,
1324,0.010847,752,5.926651053053593,81.21214996358671,,,,,,,,,,,,,
1325,0.010855,720,-11.648575195412828,29.541834459531472,,,,,,,,,,,,,
1326,0.010863,704,1.7172891253073268,59.733640276978704,,,,,,,,,,,,,
1327,0.010872,784,13.01196240618464,26.21473640279228,,,,,,,,,,,,,
1328,0.01088,720,-13.660847926498526,84.36793542731245,,,,,,,,,,,,,
1329,0.010888,752,-2.044977388408357,47.980282178200106,,,,,,,,,,,,,
1330,0.010896,768,16.055648080275372,82.76894631888523,,,,,,,,,,,,,
1331,0.010904,720,-12.484107584204883,23.937441975172295,,,,,,,,,,,,,
1332,0.010913,752,-3.3592239377558837,61.08044005152538,,,,,,,,,,,,,
1333,0.010921,736,13.313782808286746,30.706008746097485,,,,,,,,,,,,,
1334,0.010929,736,-8.935547346279584,85.54960649104594,,,,,,,,,,,,,
1335,0.010937,736,-1.4105887033849356,41.83114269043515,,,,,,,,,,,,,
1336,0.010945,784,6.469166678598424,81.91800994857263,,,,,,,,,,,,,
1337,0.010954,736,-5.007210223812471,31.393443206893416,,,,,,,,,,,,,
1338,0.010962,752,2.2714621390546648,76.05062609453911,,,,,,,,,,,,,
1339,0.01097,736,-0.30513096719691984,29.456126936184678,,,,,,,,,,,,,
1340,0.010978,768,-2.2926481226322784,76.96285684838182,,,,,,,,,,,,,
1341,0.010986,752,4.386408685626778,33.299020157783765,,,,,,,,,,,,,
1342,0.010995,704,-2.9459167715848023,84.56023537594736,,,,,,,,,,,,,
1343,0.011003,736,-0.7539351771950111,37.44432775390077,,,,,,,,,,,,,
1344,0.011011,752,1.8599114266697963,83.3227705782141,,,,,,,,,,,,,
1345,0.011019,752,-0.11496558131270153,34.81634138828171,,,,,,,,,,,,,
1346,0.011027,752,1.0689712034485237,86.3281736270421,,,,,,,,,,,,,
1347,0.011036,768,-5.851969935941828,36.52622641978382,,,,,,,,,,,,,
1348,0.011044,768,6.013959615393506,77.99109309302617,,,,,,,,,,,,,
1349,0.011052,752,4.481208089016641,23.98460058548197,,,,,,,,,,,,,
1350,0.01106,688,-15.88011288770232,85.28870588186298,,,,,,,,,,,,,
1351,0.011068,784,11.363698179297275,52.506321168803034,,,,,,,,,,,,,
1352,0.011076,752,9.111938737309735,107.21392857999676,,,,,,,,,,,,,
1353,0.011085,752,-23.363986647427176,44.41909345878547,,,,,,,,,,,,,
1354,0.011093,768,12.640078454370252,68.75214077383704,,,,,,,,,,,,,
1355,0.011101,784,12.878387991122729,20.398600766191834,,,,,,,,,,,,,
1356,0.011109,736,-24.263390578344694,94.65959239159848,,,,,,,,,,,,,
1357,0.011117,736,9.111502399478265,59.41158975060358,,,,,,,,,,,,,
1358,0.011126,752,13.470105522686618,108.0945344745265,,,,,,,,,,,,,
1359,0.011134,704,-17.657670004757783,37.98314205121722,,,,,,,,,,,,,
1360,0.011142,736,2.5340246985564625,77.77910517648586,,,,,,,,,,,,,
1361,0.01115,720,10.138910670063767,34.26008178855738,,,,,,,,,,,,,
1362,0.011158,704,-6.224108219760378,100.32731603860222,,,,,,,,,,,,,
1363,0.011167,704,-4.300290745572397,44.5437716706018,,,,,,,,,,,,,
1364,0.011175,720,4.536305326147264,91.05788777984736,,,,,,,,,,,,,
1365,0.011183,704,5.161986131402036,34.222259525171935,,,,,,,,,,,,,
1366,0.011191,672,-9.296701780720735,101.42546978350065,,,,,,,,,,,,,
1367,0.011199,688,0.07590088664565303,52.61217640631496,,,,,,,,,,,,,
1368,0.011208,688,11.892165336483927,105.48843118914886,,,,,,,,,,,,,
1369,0.011216,688,-12.094935181449584,35.7415842184876,,,,,,,,,,,,,
1370,0.011224,688,0.07079678717742653,85.52266038006721,,,,,,,,,,,,,
1371,0.011232,720,11.945189543305005,35.55471525678197,,,,,,,,,,,,,
1372,0.01124,672,-13.842950467706597,107.01130405700962,,,,,,,,,,,,,
1373,0.011249,672,5.557421098736139,56.36435426023546,,,,,,,,,,,,,
1374,0.011257,704,6.818605356002766,117.2086867905834,,,,,,,,,,,,,
1375,0.011265,688,-15.823605764817817,49.73134594632686,,,,,,,,,,,,,
1376,0.011273,704,14.143750362891382,95.34303930971546,,,,,,,,,,,,,
1377,0.011281,704,0.4079344249690081,24.357135703880584,,,,,,,,,,,,,
1378,0.011289,672,-17.877475238812842,96.87679081484542,,,,,,,,,,,,,
1379,0.011298,720,20.93365611321742,57.758196345309045,,,,,,,,,,,,,
1380,0.011306,672,-3.615301190544958,132.20935795906655,,,,,,,,,,,,,
1381,0.011314,656,-17.942996583938974,63.36100703676612,,,,,,,,,,,,,
1382,0.011322,736,21.356937659046352,105.68222157239381,,,,,,,,,,,,,
1383,0.01133,672,-4.210208261055762,26.403428446865533,,,,,,,,,,,,,
1384,0.011339,672,-13.3807994108495,101.45294718397193,,,,,,,,,,,,,
1385,0.011347,752,14.206242574750826,53.22315143746699,,,,,,,,,,,,,
1386,0.011355,672,-3.3969407971161703,125.20460299909516,,,,,,,,,,,,,
1387,0.011363,688,-3.2823235541398468,54.04550383976814,,,,,,,,,,,,,
1388,0.011371,592,2.6810114767540245,119.77004339169054,,,,,,,,,,,,,
1389,0.01138,688,-4.381536119658772,53.073888898258545,,,,,,,,,,,,,
1390,0.011388,704,10.082884679956285,119.14342147779283,,,,,,,,,,,,,
1391,0.011396,704,-7.476448246800776,38.30749658086029,,,,,,,,,,,,,
1392,0.011404,704,-8.8718812684873,105.6354724731845,,,,,,,,,,,,,
1393,0.011412,720,22.008217699422193,55.49902497972606,,,,,,,,,,,,,
1394,0.011421,704,-11.495665245078209,146.34573516516886,,,,,,,,,,,,,
1395,0.011429,688,-15.613416314132401,75.48221374201817,,,,,,,,,,,,,
1396,0.011437,736,27.862487558424526,125.05945141478733,,,,,,,,,,,,,
1397,0.011445,704,-8.399564408852772,26.82341324861751,,,,,,,,,,,,,
1398,0.011453,688,-21.012402963614925,111.53247891957506,,,,,,,,,,,,,
1399,0.011462,736,25.724256182703588,69.34561889199621,,,,,,,,,,,,,
1400,0.01147,688,-1.5550597738922272,157.78240711036503,,,,,,,,,,,,,
1401,0.011478,672,-21.276252502485555,70.12810198030321,,,,,,,,,,,,,
1402,0.011486,720,17.64369936804187,122.86334728730236,,,,,,,,,,,,,
1403,0.011494,704,3.1860820668047385,37.92110649848593,,,,,,,,,,,,,
1404,0.011503,704,-14.818752602037788,133.32431628241144,,,,,,,,,,,,,
1405,0.011511,720,8.86094712868175,66.22681026612565,,,,,,,,,,,,,
1406,0.011519,720,0.7730765220427308,148.53796192384013,,,,,,,,,,,,,
1407,0.011527,704,-3.60368225575716,63.30566726520536,,,,,,,,,,,,,
1408,0.011535,704,5.223172832095736,146.88200636463662,,,,,,,,,,,,,
1409,0.011543,736,-9.99412370294799,60.031457897225245,,,,,,,,,,,,,
1410,0.011552,704,7.481008460478552,133.8902179647428,,,,,,,,,,,,,
1411,0.01156,720,9.953011722471805,45.15755434123465,,,,,,,,,,,,,
1412,0.011568,656,-25.372391621138718,152.78850805226074,,,,,,,,,,,,,
1413,0.011576,704,13.146674765071108,91.39538860702473,,,,,,,,,,,,,
1414,0.011584,704,21.512022524334114,182.56538206298262,,,,,,,,,,,,,
1415,0.011593,640,-38.40461775159292,68.50308827115435,,,,,,,,,,,,,
1416,0.011601,720,10.820599194889525,116.66822649760361,,,,,,,,,,,,,
1417,0.011609,736,34.02465278459889,50.02460639830313,,,,,,,,,,,,,
1418,0.011617,656,-42.7130155835638,184.43534457348127,,,,,,,,,,,,,
1419,0.011625,720,2.375470655183514,114.53291849080139,,,,,,,,,,,,,
1420,0.011634,752,40.364589361615664,191.84844224250736,,,,,,,,,,,,,
1421,0.011642,656,-36.141974524312324,56.885577081255576,,,,,,,,,,,,,
1422,0.01165,672,-6.869583940127526,128.94051775574255,,,,,,,,,,,,,
1423,0.011658,736,36.24718720537593,70.90094403118226,,,,,,,,,,,,,
1424,0.011666,656,-21.912368052377165,200.34404120717957,,,,,,,,,,,,,
1425,0.011675,672,-11.452578220151645,99.67037543562999,,,,,,,,,,,,,
1426,0.011683,704,22.78286183871075,180.3434220588127,,,,,,,,,,,,,
1427,0.011691,720,-6.472755902506551,59.60293697611826,,,,,,,,,,,,,
1428,0.011699,672,-9.242048575872637,176.44490284539415,,,,,,,,,,,,,
1429,0.011707,704,5.749816898341018,82.77189665661916,,,,,,,,,,,,,
1430,0.011716,672,4.518151960112986,192.5922158711642,,,,,,,,,,,,,
1431,0.011724,672,-2.6414210225891868,73.50292716452968,,,,,,,,,,,,,
1432,0.011732,640,-7.997490132855446,190.15456375258464,,,,,,,,,,,,,
1433,0.01174,704,9.304494948518471,89.9972227033163,,,,,,,,,,,,,
1434,0.011748,704,3.372135789388217,214.29419757208115,,,,,,,,,,,,,
1435,0.011756,656,-14.555011417597331,89.12067727437898,,,,,,,,,,,,,
1436,0.011765,672,10.15044084743432,195.93309026542585,,,,,,,,,,,,,
1437,0.011773,688,4.947570495311028,72.94007982391292,,,,,,,,,,,,,
1438,0.011781,672,-14.700227847760205,211.13127900571362,,,,,,,,,,,,,
1439,0.011789,672,10.623692582132506,100.8643585994929,,,,,,,,,,,,,
1440,0.011797,656,2.0540726033922283,235.2626382011571,,,,,,,,,,,,,
1441,0.011806,672,-12.318132702932225,100.5117346475955,,,,,,,,,,,,,
1442,0.011814,672,12.342027148344524,222.9930437791884,,,,,,,,,,,,,
1443,0.011822,656,-1.7890022610385161,82.73833733564122,,,,,,,,,,,,,
1444,0.01183,640,-11.013261031749668,228.24731837681398,,,,,,,,,,,,,
1445,0.011838,672,13.770421670943014,105.94896606216318,,,,,,,,,,,,,
1446,0.011847,656,-2.3517941196409264,260.48639883610775,,,,,,,,,,,,,
1447,0.011855,656,-11.629478386874453,112.95842925947244,,,,,,,,,,,,,
1448,0.011863,688,11.841302609423133,248.89018805333026,,,,,,,,,,,,,
1449,0.011871,672,2.192947826616049,95.2616511804303,,,,,,,,,,,,,
1450,0.011879,656,-12.386263469698125,264.3959500647722,,,,,,,,,,,,,
1451,0.011888,688,4.93213596338021,123.98663425697261,,,,,,,,,,,,,
1452,0.011896,672,10.13806181551455,285.08200216655325,,,,,,,,,,,,,
1453,0.011904,640,-11.20313539368336,109.53102274603987,,,,,,,,,,,,,
1454,0.011912,656,-5.163565607818091,274.31752425368774,,,,,,,,,,,,,
1455,0.01192,688,17.74896946044152,123.43419884974364,,,,,,,,,,,,,
1456,0.011929,656,-8.216841783299344,320.39936503481886,,,,,,,,,,,,,
1457,0.011937,656,-13.840420781167817,145.38447297220162,,,,,,,,,,,,,
1458,0.011945,704,22.18214931311977,312.42783558987884,,,,,,,,,,,,,
1459,0.011953,672,-6.385498424815506,112.04255134493533,,,,,,,,,,,,,
1460,0.011961,656,-16.58429813780234,315.7923520280072,,,,,,,,,,,,,
1461,0.011969,736,23.563862254458925,148.06803492534704,,,,,,,,,,,,,
1462,0.011978,688,-9.462793029958055,372.3573725226008,,,,,,,,,,,,,
1463,0.011986,656,-12.149066901840243,170.3589741354582,,,,,,,,,,,,,
1464,0.011994,672,24.541764402333836,373.73518893190686,,,,,,,,,,,,,
1465,0.012002,672,-18.690087370883465,140.51928042775904,,,,,,,,,,,,,
1466,0.01201,688,-3.5843573077775766,363.2439801142917,,,,,,,,,,,,,
1467,0.012019,704,27.559202916582358,154.59846660432208,,,,,,,,,,,,,
1468,0.012027,672,-30.83221938522246,432.8040011400859,,,,,,,,,,,,,
1469,0.012035,736,3.8406865733133664,215.52384749575495,,,,,,,,,,,,,
1470,0.012043,736,32.092444120819536,469.43981846211364,,,,,,,,,,,,,
1471,0.012051,672,-39.46512065040595,178.85017706669936,,,,,,,,,,,,,
1472,0.01206,704,6.315293741716605,432.2960050294311,,,,,,,,,,,,,
1473,0.012068,752,34.37307234713419,180.76207785107303,,,,,,,,,,,,,
1474,0.012076,656,-38.905627323786156,529.8533356983625,,,,,,,,,,,,,
1475,0.012084,720,3.879694673076631,260.0778124090175,,,,,,,,,,,,,
1476,0.012092,800,30.091106628584416,575.373016570955,,,,,,,,,,,,,
1477,0.012101,672,-27.912916123407697,226.20798236298566,,,,,,,,,,,,,
1478,0.012109,704,-0.25880959767801326,578.3810716822705,,,,,,,,,,,,,
1479,0.012117,736,17.934701404694852,253.76718866474042,,,,,,,,,,,,,
1480,0.012125,704,-10.38144416611221,673.1947146064113,,,,,,,,,,,,,
1481,0.012133,704,-2.654732512722152,295.48008020797585,,,,,,,,,,,,,
1482,0.012142,640,1.0000185026864747,735.2496992501478,,,,,,,,,,,,,
1483,0.01215,720,7.345200921002175,323.8482268619938,,,,,,,,,,,,,
1484,0.012158,672,-2.1738674054465053,842.2149592675496,,,,,,,,,,,,,
1485,0.012166,656,-15.09469982447225,375.44401317629297,,,,,,,,,,,,,
1486,0.012174,672,20.264466249776802,935.6893941090199,,,,,,,,,,,,,
1487,0.012182,672,-0.18599246375875794,392.54958931432185,,,,,,,,,,,,,
1488,0.012191,624,-25.729367991615806,1087.078787590555,,,,,,,,,,,,,
1489,0.012199,672,26.827265970305103,509.79374238831934,,,,,,,,,,,,,
1490,0.012207,672,1.2118032707773108,1348.8975399467479,,,,,,,,,,,,,
1491,0.012215,640,-29.63315244082283,612.6756586051341,,,,,,,,,,,,,
1492,0.012223,704,28.46731956495575,1616.006361459227,,,,,,,,,,,,,
1493,0.012232,640,0.9880197699302241,720.4512583098721,,,,,,,,,,,,,
1494,0.01224,624,-28.68817351656356,2132.332881655195,,,,,,,,,,,,,
1495,0.012248,704,27.71461730864325,1034.3983834197193,,,,,,,,,,,,,
1496,0.012256,640,-0.39731599823501434,3146.2788489585155,,,,,,,,,,,,,
1497,0.012264,672,-25.985019250662365,1554.5947196514096,,,,,,,,,,,,,
1498,0.012273,672,26.516079016992308,5510.740052422554,,,,,,,,,,,,,
1499,0.012281,640,-1.7505189642613375,2835.4058888021773,,,,,,,,,,,,,
